1	List_21_01	158.96 acres - Kearney County, Nebraska	31	99	840000.000000	158.960000	40.51342000	-98.84252000	67	177677.578125	142	20208.658203	3934365	10013.204618	4636027	2011.884453	6464471	20282.720859	4162963	767.050217	25895	7991.905901	58399	3117.379855
108	108_LIST	100 acres - Boone County, Illinois	17	7	800000.000000	100.000000	42.41671616	-88.79612803	30	20188.039063	198	40923.992188	17562038	644.376540	3941939	4369.204746	3656715	14879.467938	13971666	289.536740	15772	1898.479579	88419	7470.338225
215	215_LIST	67 acres - Calhoun County, Illinois	17	13	250000.000000	67.000000	39.35559591	-90.65680593	62	80999.726563	18	85230.507813	4793124	5086.468199	12008299	2641.569525	11307751	36010.823896	263715	275.077568	32697	18307.543222	78339	9506.485766
343	343_LIST	27 acres - Clark County, Illinois	17	23	100000.000000	27.000000	39.36692715	-87.55522013	26	84937.976563	21	40571.152344	222025	2273.745704	14466624	5548.213688	16814030	6619.838050	10249080	41.228737	13089	1673.579204	12030	10374.665668
2	List_21_02	314 acres - Chippewa County, Wisconsin	55	17	579900.000000	314.000000	45.27036862	-90.94060354	102	167285.968750	192	34673.257813	15901854	934.974157	11443974	4455.925616	1453346	67067.019238	15745606	815.018543	16401	25783.252315	51056	1402.545835
109	109_LIST	20 acres - Boone County, Illinois	17	7	140000.000000	20.000000	42.37691746	-88.72890782	30	18932.035156	198	46848.636719	15841858	1059.537119	3941939	2498.393285	13972014	16592.772235	2709681	220.560439	15773	3128.599903	88419	3914.575992
216	216_LIST	50.7 acres - Calhoun County, Illinois	17	13	275000.000000	50.700000	39.24678861	-90.66446364	62	69333.632813	18	75250.929688	4424610	4852.340307	12008299	3648.833624	11307751	48001.758559	15064989	264.167832	32790	20184.147655	60298	12015.618258
344	344_LIST	40 acres - Clark County, Illinois	17	23	176000.000000	40.000000	39.24711026	-87.87577835	26	100535.671875	21	34324.035156	8141111	197.458336	6244960	9929.325531	16814030	11752.706192	8141111	197.458336	13089	31217.387541	83829	8961.321687
3	List_21_03	72.12 acres - Otter Tail County, Minnesota	27	111	216000.000000	72.120000	46.38901000	-95.37438000	52	192014.671875	111	58793.628906	5945767	229.486546	2452222	4035.473242	13810201	50607.118173	5945767	229.486546	26799	9868.264201	12192	8947.732035
110	110_LIST	42.72 acres - Boone County, Illinois	17	7	249900.000000	42.720000	42.38179830	-88.91882300	30	15728.027344	198	43298.312500	15841859	351.592129	3941939	1259.353686	3656715	4106.106083	6427006	346.409132	15733	951.066526	88679	2576.353969
217	217_LIST	152 acres - Calhoun County, Illinois	17	13	599000.000000	152.000000	39.14348299	-90.65307498	62	57975.332031	18	65415.828125	4399146	203.484080	12008299	3676.023021	17041966	37860.525939	4399146	203.484080	32790	22480.184618	60298	9528.814206
345	345_LIST	40 acres - Clark County, Illinois	17	23	350000.000000	40.000000	39.35528490	-87.70062804	26	86353.984375	21	39323.710938	10157409	651.006655	2939752	849.334568	16814030	6235.097395	7857466	79.359535	13089	12467.735380	83829	4767.702500
4	List_21_04	20 acres - Becker County, Minnesota	27	5	110000.000000	20.000000	46.77431000	-95.96161000	52	252687.125000	111	52259.082031	16693209	193.341636	10265931	6371.137793	9329803	34593.105158	7301105	180.819919	26797	5588.916970	60282	4016.226695
111	111_LIST	54.5 acres - Boone County, Illinois	17	7	269900.000000	54.500000	42.34089369	-88.82693052	30	11396.920898	198	48586.746094	5056939	421.929889	8356775	2000.525480	3656715	11271.420644	5056939	421.929889	15737	1193.573086	88667	8873.071331
218	218_LIST	315 acres - Calhoun County, Illinois	17	13	1039500.000000	315.000000	39.21489439	-90.62508345	62	65132.250000	18	70423.046875	5506118	5049.190805	12008299	807.317247	17041966	45902.545305	12698551	175.409717	32790	17797.476683	60298	14369.564159
346	346_LIST	16.5 acres - Clark County, Illinois	17	23	129000.000000	16.500000	39.19706833	-87.86599696	26	105799.015625	21	29596.718750	1797810	177.475333	6244960	10725.335474	16814030	16809.938523	1797810	177.475333	25650	27648.177141	83829	14534.094957
5	List_21_05	200 acres - Aitkin County, Minnesota	27	1	180000.000000	200.000000	46.78278070	-93.60553801	52	145199.796875	111	199994.843750	12908166	812.617627	16075171	11980.751374	9425177	76057.529220	12907694	607.046924	7652	43865.018608	55673	24002.394918
112	112_LIST	40 acres - Boone County, Illinois	17	7	280000.000000	40.000000	42.38043969	-88.72289474	30	19547.193359	198	46659.925781	15841858	1408.659941	3941939	2238.998547	13972014	17110.150139	6400464	224.263404	15773	2996.765073	88419	3342.460327
219	219_LIST	80 acres - Calhoun County, Illinois	17	13	240000.000000	80.000000	39.18782383	-90.62421441	62	62171.984375	18	67883.617188	5506118	2717.810642	12008299	1102.718859	17041966	42905.676470	15275775	406.489804	32790	18972.633116	60298	13549.493725
347	347_LIST	80 acres - Clark County, Illinois	17	23	340000.000000	80.000000	39.31300686	-87.76809096	26	91666.562500	21	36215.429688	14894106	198.748381	2939752	7003.844363	16814030	9139.346072	10157287	198.748381	13089	19595.321685	83829	6280.962765
6	List_21_06	10.54 acres - Clay County, Minnesota	27	27	225000.000000	10.540000	46.87412000	-96.33587000	52	282669.812500	111	63553.046875	7661740	450.694865	977584	5816.167169	580047	18745.709094	9513896	222.137245	26796	9425.445152	39785	1280.471817
113	113_LIST	55 acres - Boone County, Illinois	17	7	500500.000000	55.000000	42.38424913	-88.71068949	30	20516.048828	198	46642.875000	15841858	1773.911225	3941939	1810.111000	13972014	17829.535514	4565761	411.643117	15774	2459.413321	88419	2643.327186
220	220_LIST	220 acres - Calhoun County, Illinois	17	13	979000.000000	220.000000	39.39070731	-90.63026547	62	84435.804688	18	87624.289063	5479675	6414.375596	12008299	301.879606	11307751	32365.923705	12008299	301.879606	32697	16412.902590	78339	6740.759352
348	348_LIST	10 acres - Clark County, Illinois	17	23	149000.000000	10.000000	39.19667962	-88.00730646	26	108912.351563	21	39057.222656	4433264	92.778601	6244960	716.065386	10931825	10385.253294	4433264	92.778601	25650	35635.522723	80185	10021.678725
7	List_21_07	291.83 acres - Norman County, Minnesota	27	107	509250.000000	291.830000	47.37322416	-96.22212791	52	308771.406250	159	96067.960938	11393315	489.398780	11353869	4415.071473	256235	60812.878946	11393315	489.398780	26794	23974.594229	18629	18891.197578
114	114_LIST	80 acres - Boone County, Illinois	17	7	712000.000000	80.000000	42.38852429	-88.71311176	30	20751.240234	198	46127.863281	15841858	2259.381593	3941939	1336.476534	13972014	18212.506941	4565761	637.219206	15774	2192.279355	88419	2219.281250
221	221_LIST	69 acres - Calhoun County, Illinois	17	13	227700.000000	69.000000	39.33248412	-90.71876764	62	79727.109375	124	79816.070313	4793124	1236.994721	12008298	4064.114729	11307751	38045.331981	4424121	72.169329	32697	18983.074499	58662	12046.518718
349	349_LIST	46.9 acres - Clark County, Illinois	17	23	173530.000000	46.900000	39.41896790	-87.58423626	26	79038.132813	21	46029.421875	1739154	1063.205695	794022	8917.258292	16814030	745.290450	7857287	84.543843	13090	1787.181690	83829	4533.366043
8	List_21_08	67.59 acres - Stanton County, Nebraska	31	167	405540.000000	67.590000	41.97328679	-97.20928431	35	79318.359375	134	17877.302734	6578076	25585.025132	6716872	407.219723	6467117	83100.236004	6716872	407.219723	32792	3303.734790	74338	16971.054049
115	115_LIST	37 acres - Boone County, Illinois	17	7	323750.000000	37.000000	42.30963286	-88.72390151	30	14284.006836	20	52541.378906	7054394	419.962994	3941939	8587.387065	13972014	9804.956244	6428045	419.962994	14629	1245.252326	88667	6141.296951
222	222_LIST	93 acres - Calhoun County, Illinois	17	13	519400.000000	93.000000	39.10878041	-90.63942254	62	53944.656250	18	61691.367188	4424609	1974.923849	12008299	6054.169971	17041966	34057.271562	5866984	90.615408	32790	20821.172832	60298	9638.558596
350	350_LIST	15 acres - Clark County, Illinois	17	23	59500.000000	15.000000	39.19914071	-88.00721526	26	108649.437500	21	39199.156250	4433264	162.045343	6244960	442.470212	10931825	10135.277004	4433264	162.045343	25650	35809.140113	80185	9769.127283
9	List_21_09	10.001 acres - Stanton County, Nebraska	31	167	125000.000000	10.000000	41.99098005	-97.18585253	35	76688.484375	134	18489.748047	6578076	27555.700171	6716872	2346.624532	6467117	80354.960111	8489980	94.863879	32792	683.477804	128812	17368.764220
116	116_LIST	119.24 acres - Brown County, Illinois	17	9	482517.000000	119.240000	40.02060807	-90.67907490	58	139976.000000	45	96491.476563	2757639	122.473931	497751	4810.843533	1724310	36796.109561	2757639	122.473931	32813	49449.070249	59261	20543.303908
223	223_LIST	80 acres - Calhoun County, Illinois	17	13	640000.000000	80.000000	39.39083148	-90.74119007	62	86490.359375	124	78896.007813	4793123	194.609979	12008298	5439.904013	11307751	31485.178809	4793123	194.609979	32697	12282.219144	78339	5545.976553
351	351_LIST	20 acres - Clark County, Illinois	17	23	140000.000000	20.000000	39.28283295	-87.65792727	26	94177.773438	21	30870.953125	10249067	199.733735	2939752	805.851878	16814030	15078.884098	10249067	199.733735	13089	14342.675490	10994	9709.195748
10	List_21_10	40.3 acres - Adams County, Wisconsin	55	1	125000.000000	40.300000	44.07039000	-89.80030000	102	36821.039063	197	35811.968750	6868898	4630.060562	2833860	344.033654	15449109	20626.429099	3018424	211.495445	16048	31823.037603	71593	12672.078872
117	117_LIST	78 acres - Brown County, Illinois	17	9	318400.000000	78.000000	39.85407720	-90.64507127	58	130637.476563	124	108559.429688	2906463	401.549324	12631004	1177.312767	1724310	18086.791055	961720	387.243080	32813	30837.216488	130383	7421.462482
225	225_LIST	98.3 acres - Calhoun County, Illinois	17	13	573000.000000	98.300000	38.87996716	-90.54710090	62	27329.550781	18	38522.703125	4424250	5221.055184	7371761	3328.537908	17041966	9597.479235	5010024	602.402665	13823	3122.120237	31819	2397.951495
352	352_LIST	101.2 acres - Clark County, Illinois	17	23	257000.000000	101.200000	39.32536778	-87.89011002	26	92368.531250	21	42114.789063	8160805	776.085434	3638383	8086.347164	16814030	3198.188521	7957748	374.597982	13089	29053.794526	83829	345.636102
11	List_21_11	69.44 acres - Blue Earth County, Minnesota	27	13	0.000000	69.440000	44.15541000	-94.21643000	50	97727.687500	117	6983.437012	15769056	457.930206	1686522	3924.969370	5638053	54341.566920	1230349	343.874790	16656	8929.126022	75426	3903.337213
118	118_LIST	100.73 acres - Brown County, Illinois	17	9	397885.000000	100.730000	39.92724857	-90.67807317	58	133295.875000	45	106233.187500	2758018	408.917963	12631004	1557.307282	1724310	26507.831433	13241918	377.605429	32813	39434.039137	130383	14931.100223
227	227_LIST	67.34 acres - Calhoun County, Illinois	17	13	438000.000000	67.340000	38.93193935	-90.65074146	62	35785.445313	18	49182.671875	15566048	3634.355049	6539383	5915.431545	17041966	14380.264454	476389	164.634168	13822	8413.746723	31819	5208.871988
353	353_LIST	40 acres - Clark County, Illinois	17	23	241000.000000	40.000000	39.19655576	-87.86539489	26	105844.562500	21	29519.703125	1797810	254.267365	6244960	10781.709797	16814030	16885.622340	1797810	254.267365	25650	27572.301992	83829	14602.835852
12	List_21_12	77 acres - Blue Earth County, Minnesota	27	13	0.000000	77.000000	44.15570000	-94.20629000	50	97140.789063	117	7518.594727	15769056	411.417114	1686522	3486.219541	5638053	54377.855837	1750306	411.417114	16656	8683.322788	75426	3421.820803
119	119_LIST	60 acres - Brown County, Illinois	17	9	230331.000000	60.000000	39.92621397	-90.89533210	58	119379.898438	124	98605.320313	11429884	155.870274	13242794	10258.076859	11307749	26284.327235	11429884	155.870274	32948	43478.874379	60014	19079.592728
228	228_LIST	32 acres - Calhoun County, Illinois	17	13	271840.000000	32.000000	39.11286377	-90.66627145	62	55036.367188	18	63549.722656	204136	2057.046512	16993125	4525.154167	17041966	34420.631856	16084420	163.210432	32790	23180.033656	60298	7429.087674
354	354_LIST	53.091 acres - Clark County, Illinois	17	23	241390.000000	53.090000	39.37325135	-87.63101935	26	84074.289063	21	40804.332031	5815323	961.961883	2939752	5399.640448	16814030	5368.746764	7807251	179.686363	13089	6165.480767	83829	6710.011663
13	List_21_13	80 acres - Blue Earth County, Minnesota	27	13	0.000000	80.000000	44.15573000	-94.21120000	50	97437.054688	117	7267.791016	15769056	408.340995	1686522	3714.975758	5638053	54381.457711	1230349	354.978177	16656	8811.709552	75426	3684.289259
121	121_LIST	95 acres - Brown County, Illinois	17	9	364690.750000	95.000000	39.92622220	-90.89824498	58	119203.875000	124	98444.835938	11429884	74.914337	13242794	10505.389942	11307749	26252.185910	11429884	74.914337	32948	43232.713376	60014	18899.300138
229	229_LIST	138.66 acres - Calhoun County, Illinois	17	13	519975.000000	138.660000	39.08062159	-90.65892756	62	51431.421875	18	60477.871094	15592731	3621.888691	16993125	6796.904585	17041966	30858.820450	3712292	270.226310	32790	22175.674178	60298	7428.276170
355	355_LIST	44 acres - Clark County, Illinois	17	23	329000.000000	44.000000	39.18800124	-87.96069467	26	108688.046875	21	35184.800781	15691459	1479.448550	6244960	3121.936218	10931825	13176.857892	15169507	464.954017	25650	32024.872420	80185	12370.165921
14	List_21_14	20 acres - Dunn County, Wisconsin	55	33	124900.000000	20.000000	44.87607303	-91.70527339	52	139011.421875	194	28703.035156	16304636	1079.133041	15796428	1723.019738	13353304	162.272557	13353304	162.272557	26819	11235.308997	72616	349.465826
122	122_LIST	228 acres - Brown County, Illinois	17	9	798000.000000	228.000000	39.97771516	-90.70622297	58	135076.281250	45	100145.679688	2965696	435.027825	12631004	4048.337878	1724310	32458.608472	2965696	435.027825	32813	45500.442481	130383	20857.627157
230	230_LIST	85 acres - Carroll County, Illinois	17	15	280000.000000	85.000000	42.03214000	-90.05785000	29	42244.179688	43	27230.302734	5464659	2944.857531	12047725	3946.505959	8600264	34568.560085	5323022	260.648522	16030	9378.032824	59885	2147.633379
356	356_LIST	58 acres - Clark County, Illinois	17	23	228500.000000	58.000000	39.18804428	-87.87688136	26	106971.015625	21	29564.773438	14215070	310.877357	6244960	9928.689436	16814030	17226.399203	14215070	310.877357	25650	27332.228346	83829	15117.039400
15	List_21_15	514.25 acres - Fillmore County, Minnesota	27	45	3500000.000000	514.250000	43.70154248	-91.83508393	50	118754.773438	118	25711.345703	9842266	431.401658	10039629	4291.255918	13949166	25592.514461	8851277	216.617169	16172	14032.672123	47155	30926.926911
123	123_LIST	30 acres - Brown County, Illinois	17	9	120000.000000	30.000000	40.06200381	-90.85898817	58	132448.671875	45	87458.820313	13816943	134.646116	12631004	7747.009698	2631025	38626.410146	10892258	111.790077	32948	50553.793879	60011	14302.382052
231	231_LIST	58.14 acres - Carroll County, Illinois	17	15	255800.000000	58.140000	42.10993948	-90.14207661	29	39515.066406	43	33093.726563	5464659	9509.733077	12047725	1395.894766	8600264	45417.492342	15221909	287.486156	16030	5650.560915	134124	1443.714589
357	357_LIST	78.95 acres - Clark County, Illinois	17	23	247000.000000	78.950000	39.41805202	-87.58268595	26	79144.664063	21	45938.910156	1739154	1200.807661	794022	9075.635811	16814030	853.421027	7857287	115.470015	13090	1628.066726	83829	4652.492042
16	List_21_16	80 acres - Cottonwood County, Minnesota	27	33	96000.000000	80.000000	43.89305000	-94.96202000	51	44307.207031	116	7836.789063	11231760	225.850182	12044909	3700.532606	16542599	26763.242937	7457347	223.688419	14502	3590.962147	74233	3635.880381
124	124_LIST	50 acres - Brown County, Illinois	17	9	360000.000000	50.000000	39.86625356	-90.63475817	58	132138.609375	124	110086.000000	2906463	450.327961	12631004	410.520268	1724310	19381.661380	12631565	284.033684	32813	31913.182368	130383	7471.930313
237	237_LIST	12.11 acres - Carroll County, Illinois	17	15	78900.000000	12.110000	41.95915000	-90.04276000	29	48949.332031	43	21316.880859	1565453	1698.632908	1799112	4508.230565	8600264	26951.522565	13149658	63.375814	15917	13577.502987	59262	4911.309819
358	358_LIST	44 acres - Clark County, Illinois	17	23	167000.000000	44.000000	39.42866038	-87.68414855	26	78114.718750	21	47219.382813	10135069	533.681658	794023	589.318041	5789877	631.169834	1124715	196.017887	13090	10394.942003	83829	723.043575
17	List_21_17	109 acres - Olmsted County, Minnesota	27	109	450000.000000	109.000000	43.91817087	-92.39444017	50	82216.468750	118	37742.519531	14367402	867.499229	8336987	6551.206407	2680350	911.999702	16242595	545.795922	16316	8713.478940	47141	8054.744105
125	125_LIST	36 acres - Brown County, Illinois	17	9	129500.000000	36.000000	39.86660766	-90.63851595	58	131900.890625	124	109858.554688	2906463	727.281882	12631004	194.458383	1724310	19436.115893	12631565	173.957553	32813	32030.668750	130383	7743.420406
240	240_LIST	240 acres - Carroll County, Illinois	17	15	1788000.000000	240.000000	41.95487853	-89.95018333	29	46872.433594	43	26798.625000	1565453	2240.816938	1799112	3144.194841	8600264	22879.012647	13149658	625.095568	15917	8089.354287	60223	7948.141629
359	359_LIST	40 acres - Clark County, Illinois	17	23	184000.000000	40.000000	39.35484523	-87.63232827	26	86121.171875	21	38760.121094	16665998	309.040494	2939752	4953.035832	16814030	7410.720989	10135106	309.040494	13089	7102.807401	83829	8064.177858
18	List_21_18	300 acres - Dawson County, Nebraska	31	47	890000.000000	300.000000	40.72302000	-99.71993000	68	153195.296875	132	4892.427734	4487367	63509.554925	14750982	6611.563873	814842	1239.120518	10732249	225.828841	32792	3032.385892	74330	5141.405371
126	126_LIST	65 acres - Brown County, Illinois	17	9	240500.000000	65.000000	40.02746235	-90.75203776	58	135971.593750	45	93652.398438	2965700	415.349478	12631004	1430.480064	1724310	38749.530068	13243388	396.228747	32813	51832.105843	60011	24168.016823
241	241_LIST	58.14 acres - Carroll County, Illinois	17	15	295000.000000	58.140000	42.10994743	-90.14207125	29	39514.144531	43	33094.675781	5464659	9509.943901	12047725	1396.310935	8600264	45418.212153	15221909	286.506245	16030	5651.535519	134124	1444.130894
360	360_LIST	40 acres - Clay County, Illinois	17	25	190000.000000	40.000000	38.74455000	-88.28335000	45	145827.937500	21	63808.703125	13519107	204.057280	7254923	7088.355504	3705075	38478.829572	13519107	204.057280	26518	17427.766406	1007	5912.409279
19	List_21_19	10.01 acres - Cheyenne County, Nebraska	31	33	179900.000000	10.010000	41.36303000	-102.78420000	68	119313.648438	129	41038.566406	16356783	28328.125906	12239059	20110.264174	12024361	27771.236298	5055905	71.097947	32792	8770.017583	59686	15825.472388
127	127_LIST	305 acres - Brown County, Illinois	17	9	1545850.000000	305.000000	39.92628000	-90.89785000	58	119232.296875	124	98471.531250	11429884	45.129765	13242794	10472.497848	11307749	26263.133715	11429884	45.129765	32948	43266.831248	60014	18919.047862
242	242_LIST	86 acres - Carroll County, Illinois	17	15	520000.000000	86.000000	42.00915000	-90.07559000	29	45189.136719	43	24285.853516	1565453	4367.125397	12047725	2039.093434	8600264	33071.207480	5295207	343.271050	16030	9369.661626	12553	2748.806165
361	361_LIST	50 acres - Clay County, Illinois	17	25	205000.000000	50.000000	38.83394000	-88.42932000	26	159941.640625	21	71978.585938	16316787	264.963340	1579843	21363.637682	3705075	22528.917214	16316787	264.963340	26519	2681.926623	134151	16660.701498
20	List_21_20	116.4 acres - Rock County, Wisconsin	55	105	168780.000000	116.400000	42.58064907	-89.09020543	30	41393.109375	198	24857.822266	3660098	1634.446382	12570279	3211.215189	9853237	8880.576332	9063340	488.159558	29921	6890.258856	47782	3457.454667
128	128_LIST	476 acres - Brown County, Illinois	17	9	2475200.000000	476.000000	39.94882361	-90.62558234	58	138286.515625	19	105403.828125	11429887	1186.033870	12631004	6467.064345	1724310	28541.055948	2239787	568.003273	32813	40492.837089	130383	14797.481751
243	243_LIST	302 acres - Carroll County, Illinois	17	15	1225000.000000	302.000000	42.01437996	-90.04490018	29	43475.085938	43	26083.968750	15567618	2488.586392	12047725	4601.196404	8600264	32325.505615	14556225	404.984504	16006	10954.898931	59885	3450.457981
362	362_LIST	20 acres - Clay County, Illinois	17	25	105000.000000	20.000000	38.67803000	-88.55550000	45	158248.796875	21	88268.726563	167759	100.103638	11686420	17214.673110	4036858	26605.096399	167759	100.103638	26516	1313.991904	2468	3029.302757
21	List_21_21	23 acres - Vernon County, Wisconsin	55	123	69000.000000	23.000000	43.67995768	-90.33134401	102	24888.160156	197	71033.742188	11292903	245.468434	1988920	1404.291303	12473454	25429.043720	16867803	106.342107	16052	2336.920245	18378	23609.194539
129	129_LIST	90.51 acres - Brown County, Illinois	17	9	0.000000	90.510000	39.92150750	-90.67189319	58	133308.265625	45	107011.367188	2758018	120.642772	12631004	1515.377543	1724310	25797.283761	2758018	120.642772	32813	38671.751735	130383	14103.769614
248	248_LIST	23 acres - Carroll County, Illinois	17	15	400000.000000	23.000000	41.96672779	-90.10113537	29	50333.464844	43	19141.099609	1565453	4292.207702	12047725	164.048007	8600264	29235.563079	12047725	164.048007	16030	11782.500363	59262	122.569909
363	363_LIST	118 acres - Clay County, Illinois	17	25	550000.000000	118.000000	38.64568647	-88.35185266	45	142413.890625	21	74463.953125	2478721	225.029591	7254923	9926.557118	3705075	41680.862314	13581472	133.138171	26518	18089.137886	847	4961.042107
22	List_21_22	43 acres - Olmsted County, Minnesota	27	109	350000.000000	43.000000	43.91371160	-92.39079773	50	82249.437500	118	37168.003906	14367402	1412.467659	8336987	5988.353014	2680350	1458.028892	16436820	174.204104	16316	8347.902948	47141	8628.839844
130	130_LIST	35 acres - Brown County, Illinois	17	9	465000.000000	35.000000	39.90052254	-90.68885028	58	130728.367188	45	108738.335938	3301402	50.455997	12631004	1136.979761	1724310	23759.018602	3301402	50.455997	32813	36812.815457	130383	13453.410486
249	249_LIST	68 acres - Carroll County, Illinois	17	15	306600.000000	68.000000	42.11910002	-90.11562467	29	37267.828125	43	34554.265625	5464659	8658.610610	10893830	2200.834038	8600264	45319.780927	11310492	241.988231	16030	7522.013411	134124	3439.491536
364	364_LIST	51 acres - Clay County, Illinois	17	25	649000.000000	51.000000	38.66697389	-88.55575919	45	157505.812500	21	88809.273438	17118440	249.046578	11686420	15985.916845	4036858	27389.374001	16944020	249.046578	26516	1995.553002	2468	1857.853554
23	List_21_23	23 acres - Olmsted County, Minnesota	27	109	200000.000000	23.000000	43.91509510	-92.39448041	50	82056.953125	118	37457.457031	14367402	1094.396799	8336987	6230.622457	2680350	1139.580531	16436820	228.508425	16316	8389.177812	47141	8339.178609
131	131_LIST	60 acres - Brown County, Illinois	17	9	375000.000000	60.000000	39.85471987	-90.84813142	58	116984.476563	124	95545.421875	8235537	319.323640	13379997	5220.912073	11307749	18958.214404	12165935	296.704628	32815	37566.359082	62029	15666.250277
250	250_LIST	85 acres - Carroll County, Illinois	17	15	329500.000000	85.000000	42.03244031	-90.05762994	29	42206.179688	43	27268.306641	5464659	2908.461448	12047725	3969.187503	8600264	34587.972937	5323022	255.407622	16030	9383.433713	59885	2113.493738
365	365_LIST	80 acres - Clay County, Illinois	17	25	200000.000000	80.000000	38.67752564	-88.67529520	62	156214.968750	21	97827.070313	17118845	254.225197	12022997	17615.787895	15940176	19209.184292	16303245	254.225197	13430	7090.683135	77098	1515.912860
24	List_21_24	49 acres - Olmsted County, Minnesota	27	109	350000.000000	49.000000	43.91535400	-92.40048319	50	81642.976563	118	37745.886719	2746722	638.626712	8336987	6436.732435	2680350	811.995012	15433382	236.231779	16316	8270.583571	47141	8066.294923
132	132_LIST	30 acres - Brown County, Illinois	17	9	175500.000000	30.000000	39.92559698	-90.63702196	58	135925.546875	45	107628.640625	2272823	894.541500	12631004	4070.900367	1724310	25979.129109	12108139	167.436347	32813	38303.210977	130383	12829.738397
260	260_LIST	67.5 acres - Carroll County, Illinois	17	15	276750.000000	67.500000	42.11964421	-90.06653827	29	34566.746094	13	34509.746094	5464658	4915.483843	10893830	3389.584150	8600264	43513.022658	14828151	356.434862	16006	8134.932307	12661	5174.889241
366	366_LIST	49 acres - Clay County, Illinois	17	25	329000.000000	49.000000	38.84832701	-88.50166440	26	161321.109375	21	77642.343750	204753	501.022037	1579843	15747.216054	3705075	16613.078466	204753	501.022037	26519	3797.670880	77098	14967.845391
25	List_21_25	78 acres - Olmsted County, Minnesota	27	109	600000.000000	78.000000	43.92385681	-92.39731282	50	82305.789063	118	38398.519531	14367402	277.907249	8336987	7223.575945	2680350	324.579747	14367402	277.907249	16316	8669.513279	47141	7403.480959
133	133_LIST	52 acres - Brown County, Illinois	17	9	290000.000000	52.000000	39.91173802	-90.77818930	58	125636.359375	124	104241.273438	8282941	264.159826	13242794	318.736163	11307749	26354.919729	924807	246.402134	32813	40478.182674	130383	20457.240253
262	262_LIST	78 acres - Carroll County, Illinois	17	15	390000.000000	78.000000	41.93255812	-90.02139866	29	51026.671875	43	20589.304688	11232750	468.128344	1799112	2786.086123	8600264	23616.788240	15603669	407.801411	15985	12572.790560	59262	6969.167886
367	367_LIST	22 acres - Clay County, Illinois	17	25	110000.000000	22.000000	38.60343775	-88.29653701	45	135704.109375	21	73257.914063	9955332	256.796793	7254923	10000.856601	616980	37440.858510	9955332	256.796793	13430	24541.575871	1007	9784.651904
26	List_21_26	308.94 acres - Olmsted County, Minnesota	27	109	1900000.000000	308.940000	43.92555000	-92.39590000	50	82493.765625	118	38496.820313	14367402	210.774664	8336987	7365.687094	2680350	259.096775	14367402	210.774664	16316	8657.946748	47141	7316.985130
134	134_LIST	17.5 acres - Brown County, Illinois	17	9	94900.000000	17.500000	40.07649916	-90.76941284	58	138802.609375	45	88014.992188	2304581	160.102956	12631004	160.102956	1724310	44396.002286	8809313	90.740129	32813	57478.174738	60011	21152.877677
264	264_LIST	94 acres - Carroll County, Illinois	17	15	554600.000000	94.000000	41.93619756	-90.02152205	29	50651.617188	43	20835.013672	11232750	761.669821	1799112	2792.381060	8600264	24009.414069	15603669	404.785893	15985	12966.598517	59262	6930.862366
368	368_LIST	51 acres - Clay County, Illinois	17	25	674000.000000	51.000000	38.66698000	-88.55652000	45	157558.281250	21	88868.593750	2241861	212.976032	11686420	15984.240583	4036858	27339.585951	2241861	212.976032	26516	1954.238333	2468	1883.873632
27	List_21_27	14.22 acres - Outagamie County, Wisconsin	55	87	44900.000000	14.220000	44.49445653	-88.64242813	102	139910.984375	196	57066.750000	5764823	522.182284	7682079	538.330857	12201561	26255.443123	5764823	522.182284	29777	8970.397161	85047	12931.427095
135	135_LIST	1440 acres - Brown County, Illinois	17	9	5634000.000000	1440.000000	40.07811946	-90.91086209	58	130924.875000	45	84772.984375	13357471	361.624920	15576903	10105.818828	5939024	34677.263480	13357471	361.624920	32948	47365.655269	60011	9547.044094
265	265_LIST	40 acres - Carroll County, Illinois	17	15	248000.000000	40.000000	41.95002730	-90.04056036	29	49808.800781	43	20706.480469	1565453	2708.996197	1799112	4340.297604	8600264	25929.569503	14419545	303.047171	15917	13925.515910	59262	5182.918703
369	369_LIST	10 acres - Clay County, Illinois	17	25	35000.000000	10.000000	38.72556000	-88.54139000	45	160647.625000	21	85059.156250	16653590	208.012332	11686420	22545.979063	4036858	24006.630228	5648808	117.815554	26518	820.902336	1834	7621.737566
28	List_21_28	48 acres - Todd County, Minnesota	27	153	92000.000000	48.000000	46.14109694	-95.03121257	52	155704.750000	111	87076.515625	13767789	1866.972213	15575781	20463.487221	8327526	35406.717549	5286853	471.681107	17095	16112.742129	18670	21565.973294
136	136_LIST	49 acres - Brown County, Illinois	17	9	220000.000000	49.000000	39.96112728	-90.71862280	58	133067.015625	45	101545.718750	2965695	419.109033	12631004	2136.790618	1724310	30895.490682	2272026	222.814259	32813	43968.126988	130383	20035.309337
266	266_LIST	109.41 acres - Cass County, Illinois	17	17	1241803.500000	109.410000	39.92894103	-90.17107621	62	145541.390625	19	81541.531250	11547121	4097.395618	4367609	544.991964	9933647	21347.553660	4367609	544.991964	32812	39020.795093	58805	17664.408914
370	370_LIST	40 acres - Clay County, Illinois	17	25	250000.000000	40.000000	38.61913000	-88.39873000	45	143562.343750	21	79483.890625	16343948	205.510862	7254923	14909.104306	616980	38975.519745	15594553	205.510862	13430	15513.682650	848	7363.299614
29	List_21_29	80 acres - Pine County, Minnesota	27	115	100000.000000	80.000000	46.17485289	-92.32360035	52	103358.218750	194	127997.507813	16812771	408.635182	10321236	6704.455895	10893504	39144.668158	11856830	297.430130	16375	41818.774292	55701	26980.910964
137	137_LIST	15 acres - Brown County, Illinois	17	9	87750.000000	15.000000	39.92209597	-90.63729823	58	135668.484375	45	107982.648438	4886645	1040.633866	12631004	3845.224072	1724310	25591.258896	12630793	515.988674	32813	37938.223347	130383	12498.916185
267	267_LIST	22 acres - Cass County, Illinois	17	17	99950.000000	22.000000	39.91044000	-90.51575000	62	141165.515625	19	101401.281250	8282946	2820.761297	14445480	1808.928998	1724310	25238.337011	1260731	189.081744	32813	34726.183170	59259	10213.267636
371	371_LIST	25 acres - Clay County, Illinois	17	25	81250.000000	25.000000	38.85026972	-88.62562537	62	161962.234375	21	88071.859375	17118438	611.218916	84571	7866.581571	3705075	8978.361159	8660572	611.218916	26518	14152.478635	77098	4252.533214
30	List_21_30	26 acres - Todd County, Minnesota	27	153	63000.000000	26.000000	46.21247799	-95.05118966	52	160753.718750	111	84047.320313	13746376	1475.658442	15575781	12548.882988	8327526	42829.779665	8269168	437.784293	26806	14189.203477	134458	19690.316439
138	138_LIST	60 acres - Brown County, Illinois	17	9	237000.000000	60.000000	39.92191497	-90.67812681	58	132921.203125	45	106790.242188	2758018	412.662440	12631004	1152.752149	1724310	25923.447761	2758018	412.662440	32813	38868.587038	130383	14480.657670
268	268_LIST	78.79 acres - Cass County, Illinois	17	17	249500.000000	78.790000	39.95712242	-90.42324185	62	146376.640625	19	92185.187500	11176454	2780.161543	14445480	3564.274737	1724310	30628.863725	10031869	46.813935	32814	39962.988242	59259	1126.691388
372	372_LIST	2013.5 acres - Clay County, Illinois	17	25	10200000.000000	2013.500000	38.70764749	-88.31088424	45	144555.734375	21	67859.476563	14449183	369.112591	7254923	5861.081395	3705075	39355.434281	8684681	368.927380	26518	17487.022255	1007	1870.939629
31	List_21_31	20 acres - Ashland County, Wisconsin	55	3	49000.000000	20.000000	46.42561158	-90.77537298	52	216571.328125	192	163657.500000	7707759	2050.582430	11211904	2808.492734	9399985	106623.463340	17116617	100.559580	7614	14765.388953	50602	1546.053397
139	139_LIST	15 acres - Brown County, Illinois	17	9	85750.000000	15.000000	39.92578622	-90.63703537	58	135937.562500	45	107608.531250	2272823	879.734912	12631004	4081.585886	1724310	26000.274541	12108139	147.004345	32813	38323.754973	130383	12848.946498
270	270_LIST	54.09 acres - Cass County, Illinois	17	17	340767.000000	54.090000	40.01648159	-90.17232120	62	155101.062500	19	73461.343750	14706289	1917.829590	14407779	413.938642	9933647	31051.875516	1141169	316.835009	32812	48166.311694	25127	19831.011219
373	373_LIST	15 acres - Clay County, Illinois	17	25	59000.000000	15.000000	38.69295455	-88.57924461	45	160893.250000	21	89478.546875	15324659	234.276065	11686420	18821.557055	4036858	23960.892176	15324659	234.276065	26516	1547.289001	2468	5249.272851
32	List_21_32	40.97 acres - Otter Tail County, Minnesota	27	111	199000.000000	40.970000	46.64669000	-95.20893000	52	197961.265625	111	79604.898438	1148424	1861.896575	355369	8858.172370	13810201	78139.455789	5945773	211.903815	26799	20826.108317	43455	18948.747790
140	140_LIST	20 acres - Brown County, Illinois	17	9	79000.000000	20.000000	39.88977648	-90.73674917	58	126788.125000	124	105128.648438	2906205	348.009070	13242794	1845.866403	11307749	23532.253212	2906205	348.009070	32813	36879.107533	130383	16186.961558
271	271_LIST	62 acres - Cass County, Illinois	17	17	295000.000000	62.000000	40.00263000	-90.21872000	62	152959.390625	19	77034.000000	14706289	2400.388508	14407779	1207.051904	9933647	30060.854999	14777683	342.832930	32812	45646.890164	59259	16909.868451
374	374_LIST	65 acres - Clay County, Illinois	17	25	149500.000000	65.000000	38.72482285	-88.67018223	62	156832.546875	21	95542.406250	9215594	722.126695	1292121	14732.918954	4036858	15783.529981	1450853	722.126695	26516	9949.271892	77098	1568.004674
33	List_21_33	75.5 acres - Mahnomen County, Minnesota	27	87	229500.000000	75.500000	47.16677538	-95.72626680	52	265666.562500	111	99173.828125	3201317	173.146887	6899323	1423.869143	580047	75185.795506	3201317	173.146887	26797	40653.883958	18629	16170.036425
141	141_LIST	102 acres - Brown County, Illinois	17	9	402900.000000	102.000000	39.92300927	-90.67810804	58	132998.468750	45	106676.054688	2758018	413.962919	12631004	1243.298107	1724310	26043.284983	2758018	413.962919	32813	38984.422064	130383	14571.901716
272	272_LIST	200 acres - Cass County, Illinois	17	17	770000.000000	200.000000	39.95169000	-90.42099000	62	145779.265625	19	92491.382813	11176454	2637.587495	14445480	4118.172827	1724310	30027.280115	14777710	284.520321	32814	39380.333490	59259	1209.041641
375	375_LIST	46 acres - Clay County, Illinois	17	25	161000.000000	46.000000	38.81846161	-88.41808677	45	159840.343750	21	71532.265625	16316785	443.948165	7254923	20746.806765	3705075	24331.204656	16316785	443.948165	26519	4214.492341	848	14844.815520
34	List_21_34	160 acres - Beltrami County, Minnesota	27	7	175000.000000	160.000000	47.96377273	-94.70352173	52	295466.000000	111	212347.765625	8192939	2017.714773	9465378	9824.486161	16431673	177440.351641	1346965	614.604622	7638	56694.726652	55702	20160.766454
142	142_LIST	60 acres - Bureau County, Illinois	17	11	258000.000000	60.000000	41.33262281	-89.55235727	25	79737.664063	25	30083.822266	11347685	10.100117	12014389	8480.331291	12038465	6081.493659	11347685	10.100117	15827	5160.533555	46219	735.278454
273	273_LIST	135 acres - Cass County, Illinois	17	17	620325.000000	135.000000	40.00244172	-90.20906210	62	153060.328125	19	76558.976563	14706289	2760.361809	14407779	439.190379	9933647	29886.003286	15489747	187.960503	32812	45819.174180	59259	17731.651182
376	376_LIST	13 acres - Clay County, Illinois	17	25	325000.000000	13.000000	38.66296542	-88.45882684	45	150689.203125	21	81498.648438	16317345	455.919483	11686420	16614.091370	4036858	33990.385077	9956146	121.530137	26518	9334.092176	848	1355.924850
35	List_21_35	143 acres - Grant County, Wisconsin	55	43	1000000.000000	143.000000	42.66940000	-90.70768000	41	35328.394531	46	42424.765625	15727721	2164.736799	17420858	1603.086890	4479408	102558.632510	17257774	197.597500	16158	17313.603575	39274	1093.837556
144	144_LIST	27 acres - Bureau County, Illinois	17	11	195000.000000	27.000000	41.18245315	-89.55068171	25	80885.085938	22	28436.970703	11683513	185.393176	14541492	8978.249028	11709666	15812.663994	11684119	81.532965	15827	11539.053466	88446	6699.255951
274	274_LIST	39.59 acres - Cass County, Illinois	17	17	235000.000000	39.590000	40.04493000	-90.06263000	62	160037.171875	19	65740.742188	1192217	1405.224346	14407779	7509.627612	9933647	34128.639678	12233376	224.522199	32802	48377.897187	87975	10311.528101
377	377_LIST	120 acres - Clay County, Illinois	17	25	540000.000000	120.000000	38.79787817	-88.59163642	62	164216.062500	21	86593.851563	17147617	562.110822	11275731	14005.139979	4036858	15365.595383	15324688	562.110822	26518	8914.360889	77098	7661.307389
36	List_21_36	56 acres - Wright County, Minnesota	27	171	699900.000000	56.000000	45.31513591	-94.03211653	52	64919.000000	105	64065.300781	2767324	1403.806040	1884110	4571.622511	16518852	7143.815035	9287763	168.068901	16982	18925.013044	18198	8468.150884
145	145_LIST	10 acres - Bureau County, Illinois	17	11	235000.000000	10.000000	41.55818000	-89.55435000	25	84384.937500	25	34243.957031	11982107	294.505061	7720956	109.037195	12148012	18195.198808	7720956	109.037195	14534	1655.685149	88451	7921.840005
275	275_LIST	118.31 acres - Cass County, Illinois	17	17	851832.000000	118.310000	39.94161000	-90.28717000	62	145483.296875	19	85959.890625	11547121	726.798400	4367609	3221.100009	9933647	25525.456612	1180558	624.427484	32812	37953.780084	58954	9405.849026
378	378_LIST	20 acres - Clay County, Illinois	17	25	100000.000000	20.000000	38.76596433	-88.69182824	62	155257.078125	21	95917.765625	13519463	180.042632	11275731	10205.462558	4036858	11268.232793	13519463	180.042632	14750	12171.172370	77098	709.647518
37	List_21_37	36.75 acres - Barron County, Wisconsin	55	5	89900.000000	36.750000	45.50081000	-92.04962000	52	92963.296875	194	50536.613281	2928901	2175.463093	8660099	3361.375369	16826635	63673.220133	3575359	220.453130	16403	3568.204853	51073	9154.044821
146	146_LIST	43 acres - Bureau County, Illinois	17	11	619000.000000	43.000000	41.29800000	-89.48293000	25	73931.273438	22	26448.617188	11698481	928.625366	12014389	6279.417534	11709666	6840.251578	7696534	186.564694	15828	1401.103121	46220	971.033216
276	276_LIST	80 acres - Cass County, Illinois	17	17	398900.000000	80.000000	40.02112000	-90.29045000	62	154237.906250	19	79299.851563	14706289	847.198432	4367609	4533.639943	9933647	33739.254771	15112650	201.342560	32812	46714.949061	59260	11016.004836
379	379_LIST	12.5 acres - Clay County, Illinois	17	25	65000.000000	12.500000	38.61561302	-88.44890535	45	146690.031250	21	83375.335938	16944017	107.695639	11686420	12159.465255	4036858	38158.434623	10673510	107.695639	26516	11266.517894	24312	5837.583028
38	List_21_38	56.72 acres - Polk County, Wisconsin	55	95	175832.000000	56.720000	45.51530000	-92.40489000	52	65302.695313	194	61709.687500	6285169	384.712725	9273084	4923.972299	7246304	45636.647516	6285169	384.712725	16390	10620.089231	55431	21264.476876
148	148_LIST	131.34 acres - Bureau County, Illinois	17	11	681200.000000	131.340000	41.31773793	-89.44114566	25	70427.781250	22	24835.980469	11361675	410.294256	12014389	2277.033150	11709666	3760.402075	3793903	410.294256	15825	3533.650896	46220	2456.981793
277	277_LIST	120 acres - Cass County, Illinois	17	17	1230000.000000	120.000000	39.94002813	-90.26725773	62	145508.750000	19	85083.015625	11547121	191.886195	4367609	2906.784535	9933647	24644.195844	4599216	191.886195	32812	38016.323175	58954	10958.877761
381	381_LIST	80 acres - Clay County, Illinois	17	25	520000.000000	80.000000	38.80322948	-88.58650804	62	164716.250000	21	86005.757813	16513574	1012.239853	11275731	13923.367671	15594341	15197.047484	16670488	479.336961	26518	8672.811106	77098	8064.096225
40	40_LIST	80 acres - Adams County, Illinois	17	1	316000.000000	80.000000	39.84865000	-91.02848000	58	105258.898438	124	84729.242188	13399525	100.296248	12319581	1715.301258	11307749	14930.675928	13357260	100.296248	32949	31858.042229	62031	13694.549203
149	149_LIST	97 acres - Bureau County, Illinois	17	11	504400.000000	97.000000	41.31770570	-89.44110274	25	70424.156250	22	24830.951172	11361675	413.030691	12014389	2277.421552	11709666	3755.748617	3793903	413.030691	15825	3538.159706	46220	2452.019682
278	278_LIST	115 acres - Cass County, Illinois	17	17	672750.000000	115.000000	40.01630492	-90.16968727	62	155119.796875	19	73348.164063	14706289	1964.949350	14407779	623.430757	9933647	31017.332483	1141169	499.465957	32812	48214.487795	25127	19670.281413
383	383_LIST	25 acres - Clay County, Illinois	17	25	97000.000000	25.000000	38.67751137	-88.59652877	45	161018.046875	21	91537.953125	17106933	312.355301	11686420	17092.834859	4036858	24005.106720	16317877	312.355301	26516	2318.685657	2468	3789.558982
41	41_LIST	50 acres - Adams County, Illinois	17	1	330000.000000	50.000000	39.81438743	-90.99716485	58	104506.453125	124	83528.585938	13357142	407.770448	12319581	1004.929583	11307749	12419.798482	12319309	216.647630	32815	34884.696392	62031	10301.347657
150	150_LIST	131.34 acres - Bureau County, Illinois	17	11	681200.000000	131.340000	41.31769362	-89.44111347	25	70425.062500	22	24830.822266	11361675	411.853411	12014389	2279.032600	11709666	3756.106326	3793903	411.853411	15825	3539.134312	46220	2451.438293
279	279_LIST	358.71 acres - Cass County, Illinois	17	17	630400.000000	358.710000	40.10923477	-90.37536979	43	154484.109375	19	77633.976563	2235265	2191.272987	8333606	1138.007206	9933647	45567.698126	8333606	1138.007206	32812	56407.658848	60463	3225.230914
386	386_LIST	80 acres - Clinton County, Illinois	17	27	560000.000000	80.000000	38.57284000	-89.15350000	62	114993.820313	17	88904.617188	8654468	203.773103	17077158	4434.345780	15283526	16400.058723	8654468	203.773103	13430	2383.568476	60300	957.454693
42	42_LIST	90 acres - Adams County, Illinois	17	1	355500.000000	90.000000	39.81357566	-90.99940181	58	104305.390625	124	83334.476563	13357142	597.871039	12319581	1086.215323	11307749	12251.104207	12319309	326.564046	32949	34773.755650	62031	10163.400807
152	152_LIST	60 acres - Bureau County, Illinois	17	11	270000.000000	60.000000	41.33266967	-89.55228567	25	79731.796875	25	30088.449219	11347685	17.363611	12014389	8472.494473	12038465	6075.607039	11347685	17.363611	15827	5165.386457	46219	729.505166
280	280_LIST	792 acres - Cass County, Illinois	17	17	879000.000000	792.000000	40.06617389	-90.38734317	43	157638.875000	19	81539.687500	14706289	5099.744342	8333606	3002.445319	9933647	41748.531612	4629482	843.525545	32812	51701.459579	59261	3050.673055
387	387_LIST	27 acres - Coles County, Illinois	17	29	197000.000000	27.000000	39.55481000	-88.10812000	26	76369.476563	21	73708.062500	6130552	238.597119	3657015	4439.816785	16713081	17147.777236	6130552	238.597119	15183	22992.172754	61631	4971.417486
43	43_LIST	140 acres - Adams County, Illinois	17	1	680000.000000	140.000000	39.81495607	-90.99717348	58	104549.109375	124	83575.429688	13357142	405.275131	12319581	942.254840	11307749	12475.303486	12319309	271.343508	32949	34935.950497	62031	10361.958641
153	153_LIST	241 acres - Bureau County, Illinois	17	11	2000000.000000	241.000000	41.33298582	-89.50516999	25	75802.609375	22	30121.527344	11361672	1177.049166	12014389	5452.768763	12038465	6257.289258	12064717	500.428100	15824	3466.181731	46219	2253.592344
281	281_LIST	366 acres - Cass County, Illinois	17	17	519000.000000	366.000000	40.06948325	-90.38190365	43	157626.281250	19	80949.734375	14706289	5476.295780	8333606	3192.746081	9933647	41854.079969	1141739	502.909794	32812	52033.472155	59261	3274.876226
388	388_LIST	45.18 acres - Coles County, Illinois	17	29	429210.000000	45.180000	39.63424000	-88.31877000	26	81272.750000	14	55028.199219	6647510	386.241567	10397058	5177.114256	9923854	2122.667071	6647510	386.241567	15183	4638.174862	85065	429.513051
44	44_LIST	58 acres - Adams County, Illinois	17	1	226418.000000	58.000000	40.08129000	-90.92580000	58	130389.007813	45	84194.062500	13398575	209.185332	15576903	8826.908345	5939024	33509.958254	13398575	209.185332	32948	46418.339747	60011	8231.093043
154	154_LIST	65.1 acres - Bureau County, Illinois	17	11	445000.000000	65.100000	41.43806147	-89.46518898	25	73762.835938	22	35999.320313	15026838	335.440328	3823069	335.440328	12148012	4199.862615	1292597	335.440328	15891	1043.824652	58803	5191.215301
282	282_LIST	39.16 acres - Cass County, Illinois	17	17	165000.000000	39.160000	39.90210899	-90.37281096	62	140469.875000	19	93928.156250	11176454	1070.725243	4367609	9921.874062	1724310	24595.916490	12181624	76.429694	32812	33428.518206	58462	1107.991653
389	389_LIST	140.7 acres - Coles County, Illinois	17	29	809025.000000	140.700000	39.40104000	-88.10706000	26	91127.679688	21	60307.242188	1901961	477.175565	7116101	2391.103692	5789877	13022.875335	1901961	477.175565	26523	30541.334616	61636	11564.531187
45	45_LIST	80 acres - Adams County, Illinois	17	1	499000.000000	80.000000	39.91169000	-90.98811000	58	112700.523438	124	92371.492188	5916083	416.024746	12319581	8434.013297	11307749	22674.842393	5916083	416.024746	32948	35437.870687	60014	15796.284823
155	155_LIST	155.17 acres - Bureau County, Illinois	17	11	1536183.000000	155.170000	41.39720804	-89.22432886	25	53196.156250	22	24554.021484	11291179	406.993356	3884901	433.739409	12148012	3078.822309	138849	406.993356	14636	5740.735981	58359	1011.153327
283	283_LIST	138.1 acres - Champaign County, Illinois	17	19	1436240.000000	138.100000	40.02937000	-88.34575000	26	62896.464844	23	49147.929688	2971665	352.880011	15447233	9321.963357	13454002	3574.477002	2971665	352.880011	26602	11335.094234	60781	6703.446575
390	390_LIST	21 acres - Coles County, Illinois	17	29	94500.000000	21.000000	39.55125151	-88.08033496	26	75434.101563	21	72060.093750	1824735	220.480522	3657015	3345.088545	16713081	19519.193006	1824735	220.480522	15183	25177.545937	61631	6314.829678
46	46_LIST	100 acres - Adams County, Illinois	17	1	800000.000000	100.000000	40.09027703	-91.02134644	58	126219.671875	45	82148.351563	515763	235.185527	15576903	696.184028	5939024	25953.659810	515763	235.185527	32948	40101.758764	60011	440.975759
158	158_LIST	45.25 acres - Bureau County, Illinois	17	11	271500.000000	45.250000	41.57236000	-89.24388000	25	61273.636719	20	40036.773438	4469572	216.508840	7720956	3613.623407	4158387	15057.488198	3764038	216.508840	15901	6245.128947	58467	7540.497360
284	284_LIST	28.91 acres - Champaign County, Illinois	17	19	320901.000000	28.910000	40.02203000	-88.32838000	26	61599.832031	23	50109.519531	16917421	328.478223	15447233	10143.436718	13454002	2074.801368	16917421	328.478223	26602	10069.768931	60781	5546.429932
391	391_LIST	60.24 acres - Coles County, Illinois	17	29	552000.000000	60.240000	39.53152581	-88.06639147	26	76712.976563	21	69570.726563	1824736	225.761572	3657015	951.498051	16713081	21149.140910	1824736	225.761572	15183	27406.395565	61631	8793.141372
47	47_LIST	77 acres - Adams County, Illinois	17	1	638000.000000	77.000000	39.80510000	-91.01352000	58	102781.953125	124	81831.046875	5888295	219.836226	12319581	2021.108846	11307749	10878.709094	5888295	219.836226	32949	33762.553432	62031	8988.385443
159	159_LIST	36.75 acres - Bureau County, Illinois	17	11	294000.000000	36.750000	41.57164000	-89.23520000	25	60600.832031	20	39806.683594	4469572	441.214665	7720956	3314.065157	4158387	14335.139605	11979232	199.936636	14533	5954.734799	58467	6889.697469
285	285_LIST	80 acres - Champaign County, Illinois	17	19	888000.000000	80.000000	40.02995000	-88.33041000	26	61601.265625	23	49215.343750	16917421	186.170281	15447233	9264.255600	13454002	2269.903604	16917421	186.170281	26602	10963.007901	76880	6380.911459
392	392_LIST	127 acres - Coles County, Illinois	17	29	533400.000000	127.000000	39.62665000	-88.07761000	26	68287.710938	14	74209.164063	10919396	303.983556	1369	3796.147454	16713081	18502.724534	10919396	303.983556	32697	21794.672614	61631	823.356965
48	48_LIST	43 acres - Adams County, Illinois	17	1	199900.000000	43.000000	39.90847000	-90.98193000	58	112801.531250	124	92409.828125	5916083	114.526676	12319581	8678.148720	11307749	22567.804310	5916083	114.526676	32948	35926.031576	60014	16337.034324
160	160_LIST	55.7 acres - Bureau County, Illinois	17	11	299000.000000	55.700000	41.20498000	-89.47289000	25	74047.695313	22	22146.056641	7695591	598.061937	3121384	5985.653617	11709666	9264.651806	11698864	274.999998	15831	6900.879618	1745	6032.803455
286	286_LIST	39.08 acres - Champaign County, Illinois	17	19	420110.000000	39.080000	40.22735868	-88.27583313	26	56917.875000	23	28832.968750	2056531	408.206414	14274518	10010.632623	13454002	5170.138162	2056531	408.206414	26658	9606.178605	89841	6591.697751
393	393_LIST	103.47 acres - Coles County, Illinois	17	29	0.000000	103.470000	39.39378759	-88.30070257	26	100459.406250	21	72281.890625	6582291	392.121791	1258073	6659.750084	16713081	7071.642574	6582291	392.121791	26523	13928.088614	61636	1432.487041
49	49_LIST	420 acres - Adams County, Illinois	17	1	1617000.000000	420.000000	40.06044000	-90.96799000	58	126332.265625	45	85932.210938	16350124	254.338010	15576903	5285.127908	2631025	29506.439766	16350124	254.338010	32948	42157.061972	60011	5989.404675
161	161_LIST	33.68 acres - Bureau County, Illinois	17	11	495000.000000	33.680000	41.31117329	-89.38573581	25	65799.976563	22	20921.000000	12014385	180.876723	3823068	180.876723	11709095	796.613306	3823068	180.876723	14636	6093.217592	46220	903.213632
287	287_LIST	56.04 acres - Champaign County, Illinois	17	19	981400.000000	56.040000	40.06093000	-88.30909000	26	59264.195313	23	46053.394531	13769734	453.101693	15447233	5808.926316	17766198	467.850282	12432422	453.101693	26528	10180.306739	76880	4989.291816
394	394_LIST	76.86 acres - Coles County, Illinois	17	29	837774.000000	76.860000	39.53953128	-88.24019997	26	84396.812500	14	66177.078125	6637272	456.075803	3748214	3637.793957	16713081	6245.978864	6966262	282.830287	15183	16816.768598	61875	5814.394976
50	50_LIST	115 acres - Adams County, Illinois	17	1	509000.000000	115.000000	39.84214386	-90.93476010	58	110511.937500	124	89390.515625	5944082	354.925972	12319581	2668.171263	11307749	16615.269206	12341539	309.263537	32815	36601.341632	62262	13737.878487
162	162_LIST	97 acres - Bureau County, Illinois	17	11	516525.000000	97.000000	41.31766944	-89.44104373	25	70419.203125	22	24824.607422	11361675	417.030022	12014389	2277.255045	11709666	3749.691074	3793903	417.030022	15825	3543.515318	46220	2445.937242
288	288_LIST	154.78 acres - Champaign County, Illinois	17	19	1617451.000000	154.780000	40.06366466	-88.04150985	26	36760.566406	23	54271.464844	9834294	526.312729	9597581	7072.239998	2362349	6288.101887	9834294	526.312729	26528	8019.347568	47998	792.807311
395	395_LIST	40 acres - Coles County, Illinois	17	29	260000.000000	40.000000	39.53746670	-88.09936306	26	77593.578125	21	71694.601563	6637271	231.051349	3657015	2372.918330	16713081	18318.582302	6637271	231.051349	15183	24753.662100	61875	6279.885640
51	51_LIST	101 acres - Adams County, Illinois	17	1	382790.000000	101.000000	40.08130000	-90.91880000	58	130767.070313	45	84299.859375	13357471	299.440095	15576903	9421.905477	5939024	34091.108680	13357471	299.440095	32948	46939.767289	60011	8795.310026
163	163_LIST	163 acres - Bureau County, Illinois	17	11	853200.000000	163.000000	41.42034808	-89.66597915	25	89969.023438	25	19979.205078	11683465	78.748959	12148009	1733.425200	12148012	3278.651938	9292536	78.748959	15884	5267.799920	88451	1214.972173
289	289_LIST	168 acres - Champaign County, Illinois	17	19	1695000.000000	168.000000	40.27502000	-88.37042000	27	62810.632813	23	21771.652344	1975686	366.237088	14274518	1367.548467	9835093	8485.584086	1975686	366.237088	26658	3279.393536	62243	8783.249983
396	396_LIST	119 acres - Coles County, Illinois	17	29	1130500.000000	119.000000	39.44468502	-88.21697723	26	91725.570313	21	70407.640625	6131656	445.734714	3657015	4390.284153	16713081	9288.553452	1861282	445.734714	26524	21604.950260	61636	1106.147811
52	52_LIST	140 acres - Adams County, Illinois	17	1	602000.000000	140.000000	39.81362923	-90.99947691	58	104304.820313	124	83334.734375	13357142	604.708465	12319581	1080.530092	11307749	12253.486278	12319309	334.367258	32949	34766.436730	62031	10167.538763
164	164_LIST	88 acres - Bureau County, Illinois	17	11	475200.000000	88.000000	41.42035613	-89.66856480	25	90182.710938	25	19766.023438	11683465	271.127560	12148009	1541.116366	12148012	3311.122736	9292536	271.127560	15884	5176.433978	88451	1000.213709
290	290_LIST	41.84 acres - Champaign County, Illinois	17	19	481160.000000	41.840000	39.94356468	-88.35166937	26	65780.031250	14	46715.386719	2296079	222.893669	2362445	16236.280710	13454002	4117.540960	2296079	222.893669	32961	3677.121098	60781	2419.162838
397	397_LIST	40 acres - Coles County, Illinois	17	29	375000.000000	40.000000	39.44904787	-88.43236148	26	102762.976563	14	60431.250000	6994548	222.698070	355314	2395.898900	9923854	4945.754239	6994548	222.698070	26524	7750.790570	78840	3245.924858
53	53_LIST	165 acres - Adams County, Illinois	17	1	627000.000000	165.000000	39.89012201	-90.96654832	58	112249.062500	124	91632.664063	13811218	401.862219	12319581	7673.246378	11307749	21140.577400	13788906	401.862219	32948	37100.964369	60014	18739.659633
165	165_LIST	75 acres - Bureau County, Illinois	17	11	405000.000000	75.000000	41.42007858	-89.66293752	25	89713.765625	25	20226.183594	11683465	207.773253	12148009	1977.019547	12148012	3212.917266	9292536	207.773253	15884	5409.877977	88451	1466.643720
291	291_LIST	85.31 acres - Champaign County, Illinois	17	19	929879.000000	85.310000	40.22235763	-88.45321298	27	71472.218750	23	27923.597656	3657045	500.660977	14274518	5042.945555	9835093	1214.385188	3657045	500.660977	14791	7086.154238	79441	2257.001043
398	398_LIST	130 acres - Coles County, Illinois	17	29	1495000.000000	130.000000	39.62525000	-88.16076000	26	72712.632813	14	67674.328125	7065838	237.513100	7116101	1413.422184	16713081	11388.060363	6131014	237.513100	15183	15219.378511	61631	4045.124423
54	54_LIST	100 acres - Adams County, Illinois	17	1	719950.000000	100.000000	39.91276716	-91.07002545	58	108138.609375	124	88402.945313	5916272	584.685265	12319581	4284.414935	11307749	19929.817742	5916272	584.685265	32948	28521.034581	60014	14017.317635
166	166_LIST	10 acres - Bureau County, Illinois	17	11	250000.000000	10.000000	41.36552857	-89.68663752	25	91094.445313	25	18363.390625	3855757	18.649002	12148009	139.679828	12038465	2379.830332	3855757	18.649002	14635	4809.130480	88451	187.759299
292	292_LIST	74.77 acres - Champaign County, Illinois	17	19	859855.000000	74.770000	40.11682000	-88.12706000	26	43300.199219	23	45410.343750	13424066	207.452648	2362445	3057.787400	2362349	452.206967	13424066	207.452648	26528	1512.511713	16543	4642.416139
399	399_LIST	58 acres - Coles County, Illinois	17	29	385700.000000	58.000000	39.45482000	-88.17459000	26	88801.523438	21	68632.976563	15376637	542.214006	7116101	1482.114494	16713081	12659.118605	810332	218.370987	26524	24671.862406	61636	3843.231123
55	55_LIST	47 acres - Adams County, Illinois	17	1	179990.000000	47.000000	40.07866032	-90.95622129	58	128540.046875	45	84065.695313	13357471	209.203575	15576903	6248.239028	5939024	30923.555986	13357471	209.203575	32948	44027.886782	60011	5961.003896
167	167_LIST	155 acres - Bureau County, Illinois	17	11	1536183.000000	155.000000	41.39730000	-89.22430000	25	53195.699219	22	24564.126953	11291179	417.199331	3884901	434.817951	12148012	3089.309434	138849	417.199331	14636	5743.797837	58359	1021.430830
293	293_LIST	54.78 acres - Champaign County, Illinois	17	19	629970.000000	54.780000	40.12358000	-88.12697000	26	43272.078125	23	44766.093750	13424066	249.321522	2362445	3247.243925	9835093	379.896534	13424066	249.321522	26528	1765.837523	16543	4761.032395
57	57_LIST	385 acres - Adams County, Illinois	17	1	1950000.000000	385.000000	39.83033986	-91.10393286	58	99354.382813	124	79224.101563	5916495	762.858796	12319581	4785.262134	11307749	10333.269519	558679	565.786809	32949	25667.891867	62031	12898.921032
168	168_LIST	40 acres - Bureau County, Illinois	17	11	260000.000000	40.000000	41.25438837	-89.32440260	25	61012.156250	22	12849.884766	16628935	317.133821	4303511	260.932318	10445456	404.546419	3058749	232.397133	15194	6245.372419	139972	1097.449475
294	294_LIST	85 acres - Champaign County, Illinois	17	19	977500.000000	85.000000	39.87943631	-88.33409607	26	67019.687500	14	47413.589844	3382378	12.799844	2362445	14805.891682	13454002	5306.073092	3382378	12.799844	32961	4286.663666	77708	4722.908917
58	58_LIST	60 acres - Adams County, Illinois	17	1	250000.000000	60.000000	40.18095947	-91.16853923	43	116229.250000	45	72004.117188	3996341	419.286864	12721006	1023.954768	5939024	22071.833514	3996341	419.286864	32948	39152.201369	60011	14642.101892
169	169_LIST	16.75 acres - Bureau County, Illinois	17	11	189000.000000	16.750000	41.15754000	-89.51767000	25	78731.140625	22	25759.291016	12013177	580.222597	3121384	10508.857370	11709666	15698.988041	11683662	12.003543	15831	12861.052587	88446	9477.321186
295	295_LIST	120.24 acres - Champaign County, Illinois	17	19	1382760.000000	120.240000	40.11120351	-88.11689324	26	42464.089844	23	46386.015625	5560567	237.050828	2362445	3898.660163	2362349	1034.198982	5560567	237.050828	26528	768.840153	16543	5503.981073
59	59_LIST	66 acres - Adams County, Illinois	17	1	550000.000000	66.000000	40.18361710	-91.17559075	43	115790.921875	45	71758.648438	3996341	175.111655	12721006	451.461956	5939024	22003.241875	16363471	151.945089	32948	39109.003185	60011	15298.230351
170	170_LIST	65 acres - Bureau County, Illinois	17	11	390000.000000	65.000000	41.42327260	-89.66770381	25	90154.546875	25	19885.070313	11683465	202.966793	12148009	1482.647804	12148012	3619.458798	9292536	202.966793	15884	4912.752609	88451	997.990798
296	296_LIST	40 acres - Champaign County, Illinois	17	19	396000.000000	40.000000	40.05278599	-88.05953979	26	38516.796875	23	54464.542969	9834294	203.531873	9597581	8619.503204	2362349	7515.637636	9834294	203.531873	26528	7565.543129	47998	1277.572219
60	60_LIST	294 acres - Adams County, Illinois	17	1	1100000.000000	294.000000	40.17097037	-90.93825817	43	123714.937500	45	74200.507813	16675538	595.246856	3710950	6579.531047	5939024	36070.384215	16350780	209.110184	32948	51181.793298	60011	3675.812939
171	171_LIST	36 acres - Bureau County, Illinois	17	11	160000.000000	36.000000	41.24626000	-89.40208000	25	67561.710938	22	17771.945313	12013935	196.978987	3855815	409.535529	11709666	2159.814575	11346685	196.978987	15833	914.713676	739	517.224784
297	297_LIST	40.12 acres - Champaign County, Illinois	17	19	300900.000000	40.120000	40.12955335	-88.16040695	26	46105.921875	23	42799.003906	5561077	208.120350	2362444	1428.089243	9835093	1014.227919	5561077	208.120350	26528	4531.917969	16543	2498.658643
61	61_LIST	100 acres - Adams County, Illinois	17	1	320000.000000	100.000000	39.97505019	-91.03413641	58	115412.968750	45	94844.000000	5944372	279.490369	15576903	6798.963227	2631025	23226.822767	855661	279.490369	32948	33130.398905	60014	7814.157361
172	172_LIST	71.628 acres - Bureau County, Illinois	17	11	550000.000000	71.630000	41.27210000	-89.47247000	25	73178.726563	22	24316.187500	11157557	117.020725	11654064	6817.654733	11709666	6046.336537	5835700	117.020725	15830	694.435879	46220	2020.513736
298	298_LIST	192 acres - Champaign County, Illinois	17	19	2387500.000000	192.000000	40.08957155	-88.14329982	26	44887.535156	23	47413.910156	9038909	0.765192	2362445	1613.382123	2362349	3421.173113	2933231	0.765192	26528	2226.804631	16543	4231.303053
62	62_LIST	124 acres - Adams County, Illinois	17	1	558000.000000	124.000000	39.89839878	-91.06404036	58	107261.570313	124	87368.375000	13789451	407.351243	12319581	2851.249070	11307749	18550.153610	13832071	211.141654	32948	28854.535363	60014	15691.446234
173	173_LIST	12.02 acres - Bureau County, Illinois	17	11	55000.000000	12.020000	41.29228483	-89.49349091	25	74829.382813	22	26902.525391	3265474	262.881564	12014389	7355.268180	11709666	7753.397442	4497998	55.693577	15828	762.615915	46220	304.225182
299	299_LIST	77.44 acres - Champaign County, Illinois	17	19	844096.000000	77.440000	40.14576897	-88.17004144	26	46952.980469	23	40823.406250	15759898	403.813946	2362443	2718.289790	9835093	2191.401555	9834720	403.813946	26528	6178.048006	16543	3670.773742
64	64_LIST	33 acres - Adams County, Illinois	17	1	115170.000000	33.000000	39.98926834	-91.42912120	58	99153.984375	124	84139.054688	5945035	47.593944	5944425	4428.987082	5939024	9890.201439	5945035	47.593944	32948	12694.158310	59182	3525.973114
174	174_LIST	45 acres - Bureau County, Illinois	17	11	240000.000000	45.000000	41.31795553	-89.19097871	25	49548.734375	22	15807.368164	12061035	1565.817457	3885341	729.993318	12038465	5169.230381	16556036	104.602578	14636	6348.281862	856	183.949488
300	300_LIST	255.61 acres - Champaign County, Illinois	17	19	2664734.250000	255.610000	40.16400159	-88.42159510	26	68388.320313	23	34060.968750	8240905	805.936718	14274518	1186.183913	2362349	4306.892636	8240905	805.936718	14791	11630.955132	79441	2935.005956
65	65_LIST	42 acres - Adams County, Illinois	17	1	212624.000000	42.000000	40.18169309	-91.20054603	43	115480.531250	45	72183.968750	13398181	213.973662	763940	718.224030	5939024	20789.766171	13398181	213.973662	32948	37920.204872	130319	16899.207092
175	175_LIST	226.12 acres - Bureau County, Illinois	17	11	2317730.000000	226.120000	41.57178270	-89.37909275	25	71349.820313	20	46020.835938	4497893	478.642585	7720956	2008.829798	12148012	19052.346649	15027656	358.219657	14534	3186.395853	59013	14673.905600
301	301_LIST	47 acres - Christian County, Illinois	17	21	326650.000000	47.000000	39.42342000	-89.12998000	62	145071.593750	14	53057.531250	5982683	1060.541302	648386	243.521344	17370743	44072.310934	5017943	217.355681	32947	21385.370807	133207	1730.350729
66	66_LIST	188.9 acres - Alexander County, Illinois	17	3	1038944.000000	188.900000	37.27840131	-89.50313066	64	64834.222656	185	116563.140625	10624503	4049.417348	5332414	1924.710875	6256493	4701.754731	14672043	310.551650	25316	5296.571977	28656	2277.405323
176	176_LIST	34.97 acres - Bureau County, Illinois	17	11	269203.000000	34.970000	41.34407828	-89.49479520	25	74984.351563	22	30161.687500	15027111	695.575220	12014389	3948.825793	12038465	5339.858913	14950851	60.187990	15824	2166.509042	46219	3737.657236
302	302_LIST	72 acres - Christian County, Illinois	17	21	900000.000000	72.000000	39.64231000	-89.36374000	62	146844.484375	14	47385.300781	12817319	204.348129	10614867	927.277279	4770707	21783.870634	12817319	204.348129	32947	9638.887365	87941	7494.737313
67	67_LIST	151 acres - Alexander County, Illinois	17	3	641750.000000	151.000000	37.14338218	-89.39498703	64	59658.878906	185	99867.757813	2227243	3025.477342	13483585	3771.663728	9252560	12568.174025	6488921	283.196063	25316	12765.672027	25697	9816.193662
177	177_LIST	71.628 acres - Bureau County, Illinois	17	11	590000.000000	71.630000	41.27379898	-89.47016716	25	72975.343750	22	24226.560547	11157557	383.724194	11654064	6660.475222	11709666	5844.443867	5835700	383.724194	15830	430.362529	46220	1904.497394
303	303_LIST	238.2 acres - Christian County, Illinois	17	21	1880000.000000	238.200000	39.66472000	-89.28339000	26	151116.593750	14	40245.144531	8119088	495.142711	15733045	7927.395504	4770707	19109.608224	8119088	495.142711	32947	3092.465875	61037	7889.266588
68	68_LIST	40 acres - Alexander County, Illinois	17	3	170000.000000	40.000000	37.09548000	-89.33221000	63	60436.960938	185	93727.062500	16737573	955.650126	13483585	4891.294924	13277902	12762.371937	14062634	937.351887	25316	20171.932256	78388	6670.402149
178	178_LIST	60 acres - Bureau County, Illinois	17	11	369900.000000	60.000000	41.28069284	-89.39105272	25	66335.210938	22	19001.533203	4581693	135.759483	11654064	620.822422	11709095	757.656448	4581693	135.759483	15833	3368.916571	46218	659.300184
304	304_LIST	134.55 acres - Christian County, Illinois	17	21	181642.500000	134.550000	39.58797986	-89.40148115	62	140177.296875	14	53402.558594	6037514	1873.499262	7826928	663.897448	6705810	20973.758545	5453648	422.473826	32947	11271.711588	87941	787.407332
69	69_LIST	171 acres - Alexander County, Illinois	17	3	598500.000000	171.000000	37.10068191	-89.28697986	63	62702.945313	185	93848.429688	16737573	121.223425	13483585	1929.996605	13277902	8760.864335	14879994	121.223425	25316	22217.890715	78388	2789.139400
179	179_LIST	152 acres - Bureau County, Illinois	17	11	998000.000000	152.000000	41.41295404	-89.48773026	25	75143.953125	25	34697.406250	11698449	863.641271	3823069	1397.326028	12148012	1713.988687	4498002	863.641271	15891	2323.478317	58803	2361.466627
305	305_LIST	80 acres - Christian County, Illinois	17	21	580000.000000	80.000000	39.44278024	-89.05642033	26	144639.750000	14	48886.250000	6130809	612.791112	648386	5728.194734	6517238	43242.944537	3675063	595.900453	32947	24021.953195	138857	3436.703033
70	70_LIST	385 acres - Alexander County, Illinois	17	3	1129500.000000	385.000000	37.16964400	-89.42471981	64	59741.828125	185	103239.101563	5884931	1946.759036	945655	1946.759036	9252560	9966.564507	5734143	522.918168	25316	9047.584098	25697	5948.985794
180	180_LIST	70 acres - Bureau County, Illinois	17	11	364000.000000	70.000000	41.33827853	-89.27412987	25	56563.164063	22	18741.277344	4469214	97.668568	11654064	432.286829	12038465	4405.544801	3885634	97.668568	14636	4162.940338	856	1411.437806
307	307_LIST	40 acres - Christian County, Illinois	17	21	250000.000000	40.000000	39.75530260	-89.19595773	26	140754.406250	14	28785.572266	12239743	237.496149	15010975	8616.544390	6517238	9026.220613	12239743	237.496149	32793	5824.080038	13170	8581.628920
72	72_LIST	360 acres - Alexander County, Illinois	17	3	900000.000000	360.000000	37.22997792	-89.45079088	64	63191.367188	185	110276.367188	455083	1524.269249	13483585	693.956104	9252560	8254.859260	2054368	369.902482	25316	1957.490591	25697	277.082201
181	181_LIST	25 acres - Bureau County, Illinois	17	11	399690.000000	25.000000	41.25384265	-89.40481348	25	67702.945313	22	18356.105469	4469147	292.581845	11654064	945.442581	11709666	1468.993415	3885002	292.581845	15833	276.051806	46218	994.538122
308	308_LIST	79.31 acres - Christian County, Illinois	17	21	793100.000000	79.310000	39.54216380	-89.23495810	62	146542.265625	14	46338.421875	15329982	206.112791	648386	1800.731674	4770707	32711.885847	3932857	206.112791	32947	5409.904970	2201	1832.555678
73	73_LIST	229 acres - Alexander County, Illinois	17	3	1832000.000000	229.000000	37.29392961	-89.47571933	64	67607.296875	185	117690.570313	16737574	4306.597870	3756488	220.231487	12497603	6845.957152	3756488	220.231487	25316	5489.760215	49647	3669.384556
182	182_LIST	74.72 acres - Bureau County, Illinois	17	11	721048.000000	74.720000	41.29587289	-89.62334812	25	85657.734375	25	25829.289063	11346622	299.283401	12148009	5027.330972	12038465	10909.136980	11346622	299.283401	15827	6331.549529	88451	3298.589008
309	309_LIST	45.53 acres - Christian County, Illinois	17	21	352857.500000	45.530000	39.80779997	-89.17371030	26	137261.640625	14	25023.107422	13676727	356.486772	15010975	11124.975981	6517238	3205.483938	4277510	176.733957	32794	10445.185377	24993	5016.273694
74	74_LIST	40 acres - Alexander County, Illinois	17	3	240000.000000	40.000000	37.09538739	-89.33224261	63	60426.371094	185	93717.203125	16737573	945.385414	13483585	4901.705767	13277902	12765.248782	14062634	927.900563	25316	20178.958128	78388	6672.820538
183	183_LIST	116 acres - Bureau County, Illinois	17	11	1334000.000000	116.000000	41.54175053	-89.33209777	25	66441.140625	22	41833.472656	12014302	614.616125	7720956	1326.634826	12148012	15710.129815	3794035	614.616125	14534	1720.618672	58365	10214.210840
310	310_LIST	13.42 acres - Christian County, Illinois	17	21	250000.000000	13.420000	39.76886111	-89.23257172	26	143295.531250	14	31108.568359	6619124	289.786107	15010975	11941.235600	4770707	7518.857524	5573784	289.786107	32793	9093.531627	24975	9347.412337
75	75_LIST	62 acres - Alexander County, Illinois	17	3	452600.000000	62.000000	37.10582714	-89.34219121	64	60732.417969	185	94988.375000	16737573	1333.993887	13483585	4451.018637	13277902	13664.199643	3666821	283.075297	25316	18724.650742	78388	7682.465572
184	184_LIST	100.23 acres - Bureau County, Illinois	17	11	661518.000000	100.230000	41.37078615	-89.66785669	25	89570.179688	25	19817.304688	11698809	220.603786	12148009	1404.050333	12038465	1985.021648	3822402	220.603786	14635	6399.412672	46219	1436.030718
311	311_LIST	13.43 acres - Christian County, Illinois	17	21	60435.000000	13.430000	39.77018466	-89.23255026	26	143251.453125	14	31057.212891	6619124	287.008008	15010975	12039.036752	4770707	7371.818482	5573784	287.008008	32793	9189.867057	24975	9200.372725
76	76_LIST	76 acres - Alexander County, Illinois	17	3	380000.000000	76.000000	37.29779567	-89.48238303	64	67640.851563	185	118238.570313	2507440	4352.988556	3756488	230.045720	12497603	6192.795746	3756488	230.045720	25316	6080.863389	28656	3198.430376
185	185_LIST	200 acres - Bureau County, Illinois	17	11	1700000.000000	200.000000	41.50950925	-89.67846751	25	92804.914063	25	22635.779297	12014195	227.380588	12148009	639.228448	12148012	13198.992145	3793792	227.380588	15879	2575.216538	88451	1326.344284
312	312_LIST	13.43 acres - Christian County, Illinois	17	21	60435.000000	13.430000	39.77135151	-89.23267901	26	143224.781250	14	31024.306641	6619124	209.962164	15010975	12134.257659	4770707	7242.227630	5573784	209.962164	32793	9285.230111	24975	9070.691423
77	77_LIST	197 acres - Alexander County, Illinois	17	3	986000.000000	197.000000	37.29838287	-89.46757310	64	68419.789063	185	118020.609375	16737574	3434.737561	3756488	286.106635	12497603	7482.166825	14879869	98.270301	25316	5827.804733	49647	3028.591904
186	186_LIST	88.99 acres - Bureau County, Illinois	17	11	996688.000000	88.990000	41.26486818	-89.65033650	25	88057.289063	25	25595.205078	3822761	221.523822	12148009	2770.445449	12038465	13792.678411	3763774	221.523822	15827	8823.272712	88451	466.677017
313	313_LIST	77 acres - Christian County, Illinois	17	21	662200.000000	77.000000	39.40261738	-89.03943658	26	145864.109375	14	52800.523438	50193	406.540775	8998594	1554.120254	10797744	46203.028940	50193	406.540775	32947	28131.959787	138857	1020.536613
78	78_LIST	80 acres - Alexander County, Illinois	17	3	464000.000000	80.000000	37.09734282	-89.33909297	63	60378.843750	185	94016.031250	16737573	1197.079658	13483585	5031.278762	13277902	13373.309258	14062634	889.459194	25316	19665.184236	78388	7290.673519
187	187_LIST	67 acres - Calhoun County, Illinois	17	13	235000.000000	67.000000	39.35557103	-90.65704465	62	81001.117188	18	85238.140625	4793124	5065.882340	12008299	2662.231551	11307751	36011.633242	263715	283.765017	32697	18300.160631	78339	9504.617003
314	314_LIST	41.4 acres - Christian County, Illinois	17	21	362250.000000	41.400000	39.60282573	-89.12144703	26	140991.203125	14	35097.984375	13675968	286.394636	15733045	7157.070553	6517238	25355.964851	7168588	286.394636	32793	12732.237282	61037	7206.929473
79	79_LIST	48 acres - Alexander County, Illinois	17	3	191800.000000	48.000000	37.16386058	-89.37998056	64	62166.050781	185	101877.109375	2372479	2515.127937	13483585	1136.517749	9252560	13918.878046	14879871	72.362896	25316	11522.601644	25697	8975.043593
188	188_LIST	80 acres - Calhoun County, Illinois	17	13	299000.000000	80.000000	39.14529704	-90.65042496	62	58109.402344	18	65430.527344	4399146	210.462142	12008299	3377.457749	17041966	38073.644321	4399146	210.462142	32790	22200.199586	60298	9812.368050
315	315_LIST	77 acres - Christian County, Illinois	17	21	669900.000000	77.000000	39.40312497	-89.04188136	26	146006.500000	14	52797.125000	50193	195.635958	8998594	1606.218892	10797744	46328.784114	50193	195.635958	32947	27944.631029	138857	850.843199
80	80_LIST	57 acres - Alexander County, Illinois	17	3	259900.000000	57.000000	37.30254534	-89.36085641	64	74473.812500	185	116872.171875	16737574	270.901489	3756488	5571.983633	12497603	16864.346081	14062756	270.901489	25316	4820.063123	49647	5404.385631
190	190_LIST	72 acres - Calhoun County, Illinois	17	13	285000.000000	72.000000	39.14181056	-90.65534949	62	57849.093750	18	65394.527344	4399146	231.426849	12008299	3939.652482	17041966	37665.935497	15257391	221.504380	32790	22725.106359	60298	9281.417641
316	316_LIST	98 acres - Christian County, Illinois	17	21	710500.000000	98.000000	39.60318038	-89.03619182	26	134392.453125	14	31526.478516	6130813	252.532589	15733045	12821.467803	6517238	25684.931852	6130813	252.532589	32794	15498.914522	78448	748.560643
81	81_LIST	121 acres - Alexander County, Illinois	17	3	359975.000000	121.000000	37.30978202	-89.50412929	64	67745.492188	185	119972.484375	2507440	3254.644511	7336989	1189.067705	12497603	4200.625552	2655526	294.925145	25316	8105.819549	112582	1091.049061
191	191_LIST	185 acres - Calhoun County, Illinois	17	13	719650.000000	185.000000	39.30176225	-90.64166218	62	74878.171875	18	79386.492188	4793124	7904.232468	12008298	608.146432	11307751	42093.258561	263865	603.418087	32790	17861.482402	78339	15629.039647
317	317_LIST	90.2 acres - Christian County, Illinois	17	21	888646.000000	90.200000	39.71936170	-89.25930876	26	147143.000000	14	35401.750000	4492694	614.283766	15733045	10169.544302	4770707	13028.223219	13741877	45.571933	32947	3326.461916	61037	10114.333181
82	82_LIST	200 acres - Alexander County, Illinois	17	3	450000.000000	200.000000	37.32531118	-89.27739143	64	81251.234375	185	118671.906250	11232699	5688.705424	14082929	2098.447458	13277902	10572.083391	7363766	929.823122	25316	10389.513481	116649	8961.642784
192	192_LIST	185 acres - Calhoun County, Illinois	17	13	787000.000000	185.000000	39.30580761	-90.64164978	62	75319.054688	18	79774.500000	4793124	7650.320140	12008298	1054.400361	11307751	41646.501620	4737480	704.300450	32790	17896.366170	78339	15190.701821
319	319_LIST	80 acres - Christian County, Illinois	17	21	840000.000000	80.000000	39.76521275	-89.21078541	26	141633.546875	14	29513.472656	14194115	75.374075	15010975	10294.710511	6517238	7922.941937	3707090	75.374075	32793	7484.753238	24993	9752.752448
83	83_LIST	95 acres - Bond County, Illinois	17	5	475000.000000	95.000000	38.85521000	-89.48027000	62	89437.664063	18	63581.402344	784134	1941.826207	12762535	3877.173602	12631627	981.152984	11668144	450.815364	15232	23688.521357	81357	1456.777080
193	193_LIST	27 acres - Calhoun County, Illinois	17	13	39900.000000	27.000000	39.26809307	-90.75037748	62	73690.000000	124	76629.789063	5018960	1795.165449	12008298	1954.304353	11307751	45008.254270	16392284	595.066847	32697	25845.268582	58662	6153.968181
320	320_LIST	40 acres - Christian County, Illinois	17	21	300000.000000	40.000000	39.49641608	-89.32314187	62	137547.468750	14	55129.398438	4203487	292.281946	15733045	2270.730191	17370743	27595.078551	4203747	217.388030	32947	10606.260634	61629	2230.539792
84	84_LIST	38 acres - Bond County, Illinois	17	5	190000.000000	38.000000	38.76457000	-89.27988000	62	104544.750000	18	78589.875000	784133	2206.305626	10456195	7953.988971	12631628	14039.168731	12108306	219.093747	15232	17666.343463	60366	853.396661
194	194_LIST	25 acres - Calhoun County, Illinois	17	13	87500.000000	25.000000	39.39269330	-90.62897265	62	84636.046875	18	87772.664063	5479675	6231.273171	12008299	132.462197	11307751	32154.806870	12008299	132.462197	32697	16324.370685	78339	6586.528413
321	321_LIST	236 acres - Christian County, Illinois	17	21	1900000.000000	236.000000	39.78528604	-89.21942085	26	141700.687500	14	29462.140625	3932855	509.499741	15010975	12325.551289	4770707	5693.031688	3675148	373.376028	32793	9687.123914	24975	7521.791974
85	85_LIST	319 acres - Bond County, Illinois	17	5	1148400.000000	319.000000	38.82659820	-89.50864077	62	86269.835938	18	60338.960938	10655087	2747.578642	2451221	2362.038399	12631628	799.701937	2262516	786.579877	15232	20668.151129	81357	921.730443
195	195_LIST	220 acres - Calhoun County, Illinois	17	13	939000.000000	220.000000	39.39087729	-90.62296987	62	84356.609375	18	87363.984375	5479675	5829.750747	12008299	273.832635	11307751	32400.933587	12008299	273.832635	32790	16784.295916	78339	7000.549235
322	322_LIST	123.8 acres - Christian County, Illinois	17	21	492105.000000	123.800000	39.60759752	-89.10538673	26	139520.781250	14	33895.222656	3707389	404.247928	15733045	7910.522888	6517238	24836.943353	3707389	404.247928	32794	12562.542914	78448	6645.910143
86	86_LIST	11.6 acres - Bond County, Illinois	17	5	52000.000000	11.600000	39.02283000	-89.41389000	62	101191.484375	18	76285.101563	818640	537.551371	15008977	5141.830430	12631627	16611.293074	7870439	83.592617	15232	42690.990215	110373	3710.757322
196	196_LIST	465 acres - Calhoun County, Illinois	17	13	2200000.000000	465.000000	39.30716039	-90.71919680	62	77027.656250	124	79519.117188	4793124	4039.413550	12008298	1358.773778	11307751	40852.199717	5009420	676.588711	32697	21752.770304	58662	10510.564145
323	323_LIST	77 acres - Christian County, Illinois	17	21	700700.000000	77.000000	39.40260080	-89.03946340	26	145867.093750	14	52802.917969	50193	404.349607	8998594	1552.093990	10797744	46202.064590	50193	404.349607	32947	28131.677124	138857	1020.864812
89	89_LIST	20 acres - Bond County, Illinois	17	5	112000.000000	20.000000	39.01284000	-89.25266000	62	113608.390625	18	88226.437500	10776905	1008.541369	4062290	1899.762802	10797744	8618.029622	10064703	203.888660	15182	36128.331495	82079	9881.597440
197	197_LIST	195 acres - Calhoun County, Illinois	17	13	857000.000000	195.000000	39.38963360	-90.62158048	62	84201.843750	18	87187.382813	5479675	5779.570879	12008299	277.041012	11307751	32549.959347	12008299	277.041012	32790	16675.786850	78339	7179.105645
324	324_LIST	14.22 acres - Clark County, Illinois	17	23	56169.000000	14.220000	39.36550000	-87.95112000	26	89576.367188	21	48741.863281	14215074	613.776793	3638383	2936.243348	5789877	2844.942384	15170421	355.234542	13090	33523.955594	83829	5550.456070
90	90_LIST	72 acres - Bond County, Illinois	17	5	302400.000000	72.000000	38.89258000	-89.50704000	62	88408.921875	18	62770.570313	784134	1832.549485	12762535	618.524402	12631627	5583.342757	14476608	204.218348	15232	27946.648412	81357	6124.340659
198	198_LIST	31 acres - Calhoun County, Illinois	17	13	186000.000000	31.000000	39.15721810	-90.63130405	62	58987.546875	18	65474.109375	12008296	1037.743315	12008299	1336.871541	17041966	39471.949653	4981309	131.325673	32790	20236.988851	60298	11831.117766
325	325_LIST	25.5 acres - Clark County, Illinois	17	23	124500.000000	25.500000	39.35599942	-87.87159193	26	88676.703125	21	44235.328125	8141112	910.129377	3638383	9737.082355	16814030	594.779848	15132083	103.904326	13089	26841.880557	83829	1986.792448
91	91_LIST	80 acres - Bond County, Illinois	17	5	320000.000000	80.000000	38.89797602	-89.48885679	62	90090.328125	18	64453.742188	784134	515.080737	12762535	468.474927	12631627	5771.293436	2154848	326.221021	15232	28453.662515	81357	5924.845728
199	199_LIST	127 acres - Calhoun County, Illinois	17	13	469900.000000	127.000000	39.35943261	-90.84474564	62	86038.554688	124	69512.289063	4992047	2404.200165	12008298	3874.701784	11307751	34550.918632	15085101	255.605472	32697	12934.000040	58662	4155.261645
326	326_LIST	78.5 acres - Clark County, Illinois	17	23	451375.000000	78.500000	39.35012000	-87.85220000	26	88922.726563	21	42880.652344	10157411	302.697699	3638383	11381.780103	16814030	1985.882416	16496786	203.174253	13089	25294.804328	83829	651.392158
92	92_LIST	17.5 acres - Bond County, Illinois	17	5	144000.000000	17.500000	38.96239122	-89.54401910	62	88189.226563	18	63196.328125	3970735	3296.756492	4911936	6332.818660	12631627	13972.734966	13605226	238.759627	13451	34356.284247	58696	2358.654473
200	200_LIST	154 acres - Calhoun County, Illinois	17	13	585200.000000	154.000000	39.36712612	-90.86496949	62	87490.101563	124	67955.843750	5018961	1597.421918	10394283	2802.882351	11307751	33832.885734	3773895	106.921569	32697	11342.297888	58662	2789.762150
327	327_LIST	20 acres - Clark County, Illinois	17	23	75000.000000	20.000000	39.30649000	-87.79847000	26	92780.484375	21	36514.445313	5815224	543.709599	2939752	9714.036622	16814030	8580.320517	5815224	543.709599	13089	22270.620484	130241	5725.355375
93	93_LIST	41.2 acres - Bond County, Illinois	17	5	449000.000000	41.200000	39.01506159	-89.39590752	62	102256.796875	18	77230.390625	818640	1419.839477	15008977	6702.608337	12631627	15019.240749	13583362	158.769442	15232	42073.652065	110373	4509.209236
201	201_LIST	171 acres - Calhoun County, Illinois	17	13	632700.000000	171.000000	39.35906750	-90.85040510	62	86183.726563	124	69026.179688	4992047	2104.563979	10394283	3711.560296	11307751	34621.362297	12141505	135.623529	32697	12721.221875	58662	3668.594089
329	329_LIST	130 acres - Clark County, Illinois	17	23	188450.000000	130.000000	39.20649972	-87.61642221	26	102598.468750	21	22288.980469	13671374	628.846475	2939752	4507.004480	16814030	23940.611228	2553448	628.846475	13084	12676.035739	10994	4486.174712
94	94_LIST	17.54 acres - Bond County, Illinois	17	5	144000.000000	17.540000	38.96146523	-89.54398692	62	88150.640625	18	63148.800781	3970735	3375.155725	4911936	6329.662971	12631627	13876.013643	13605226	224.157509	13451	34271.893769	58696	2449.688570
202	202_LIST	58.4 acres - Calhoun County, Illinois	17	13	269900.000000	58.400000	39.26058802	-90.64551651	62	70463.359375	18	75646.140625	4424610	6784.781037	12008299	2238.216643	11307751	46613.790867	4981838	266.509906	32790	18372.281238	60298	14125.272410
330	330_LIST	20 acres - Clark County, Illinois	17	23	85000.000000	20.000000	39.21841000	-87.86496000	26	103457.742188	21	31280.318359	1860835	202.335386	6244960	10802.651877	16814030	14884.096939	1860835	202.335386	25650	29637.253716	83829	12283.783388
95	95_LIST	40 acres - Bond County, Illinois	17	5	232000.000000	40.000000	38.99421407	-89.62680817	62	83281.328125	18	59039.371094	13062778	1023.461874	8368420	10892.979227	1120352	10606.115051	13605231	242.180844	13446	34177.272316	60368	3326.381098
203	203_LIST	81 acres - Calhoun County, Illinois	17	13	226800.000000	81.000000	39.11079503	-90.62276602	62	53799.632813	18	60948.050781	4424609	555.068980	1122427	4844.667774	17041966	34382.286661	1337915	220.598709	32790	19451.023213	60298	11092.094665
331	331_LIST	42.8 acres - Clark County, Illinois	17	23	487900.000000	42.800000	39.46472000	-87.98033000	26	80122.351563	21	59361.554688	16666266	627.683241	3638383	628.248020	5789877	14008.858919	16695008	216.365040	13090	35098.704418	83829	16772.421667
96	96_LIST	29.27 acres - Bond County, Illinois	17	5	169766.000000	29.270000	38.99426826	-89.62686986	62	83279.476563	18	59038.574219	13062778	1015.796139	8368420	10885.012451	1120352	10600.690178	13605231	238.419572	13446	34180.944925	60368	3326.306194
204	204_LIST	180 acres - Calhoun County, Illinois	17	13	558000.000000	180.000000	39.21486737	-90.62710047	62	65164.324219	18	70515.828125	5506118	5130.580933	12008299	958.441943	17041966	45888.770289	12698551	332.458265	32790	17960.488386	60298	14203.003855
332	332_LIST	91.86 acres - Clark County, Illinois	17	23	900000.000000	91.860000	39.28579000	-87.96214000	26	98298.382813	21	42444.011719	8141606	584.806452	6244960	2614.233789	16814030	4324.522849	7881450	293.183145	13089	36237.093091	83829	2272.257841
97	97_LIST	120 acres - Bond County, Illinois	17	5	1100000.000000	120.000000	39.00499500	-89.38152552	62	102956.406250	18	77811.968750	12606658	887.361446	4062290	7727.516932	12631627	13401.301715	13560866	99.472961	15232	41209.084475	110373	5883.901128
205	205_LIST	107 acres - Calhoun County, Illinois	17	13	738300.000000	107.000000	38.88208864	-90.56573957	62	27970.488281	18	39993.687500	4424250	5720.570631	7371761	4470.075453	17041966	9463.969289	15257185	400.224096	13823	1774.543397	31819	3056.167884
333	333_LIST	85.4 acres - Clark County, Illinois	17	23	320250.000000	85.400000	39.36467509	-87.55872309	26	85169.492188	21	40278.785156	222025	2012.847528	14466624	5717.689562	16814030	6881.587018	15186273	70.833553	13089	2036.990610	12030	10763.025498
98	98_LIST	76 acres - Boone County, Illinois	17	7	559000.000000	76.000000	42.48896000	-88.93509000	30	27656.203125	198	31379.082031	17561957	1906.513733	16865158	2047.800874	3656717	4431.743186	7457541	436.678575	15743	3271.231302	71531	4737.541712
206	206_LIST	32 acres - Calhoun County, Illinois	17	13	249600.000000	32.000000	39.11178568	-90.66631546	62	54923.320313	18	63462.636719	204136	2042.742928	16993125	4548.380877	17041966	34300.778448	16084420	135.774131	32790	23163.135549	60298	7406.133243
334	334_LIST	77.5 acres - Clark County, Illinois	17	23	282875.000000	77.500000	39.28296997	-87.68425584	26	94271.414063	21	31165.332031	7856869	603.143484	2939752	1437.158023	16814030	14196.568891	8186823	241.602477	13089	15741.797010	10994	11547.813662
100	100_LIST	37 acres - Boone County, Illinois	17	7	307100.000000	37.000000	42.30975000	-88.72401000	30	14282.952148	20	52548.375000	7054394	404.916331	3941939	8571.512521	13972014	9812.056074	6428045	404.916331	14629	1260.964512	88667	6154.485311
207	207_LIST	100 acres - Calhoun County, Illinois	17	13	820000.000000	100.000000	39.11647232	-90.66864252	62	55480.511719	18	63985.585938	204136	1946.820630	16993125	4254.612891	17041966	34818.225772	16084420	332.806487	32790	23454.172585	60298	7307.653923
335	335_LIST	80 acres - Clark County, Illinois	17	23	312000.000000	80.000000	39.19564843	-87.82804476	26	105351.046875	21	27294.160156	14215070	408.751226	1549766	12747.879066	16814030	18568.608966	14215070	408.751226	25650	25911.041968	83829	15714.021304
101	101_LIST	100 acres - Boone County, Illinois	17	7	750000.000000	100.000000	42.41868529	-88.79597587	30	20399.736328	198	40716.679688	17562038	660.634598	3941939	4465.815895	3656715	14956.422402	13971666	478.808623	15772	2014.136993	88419	7490.095982
208	208_LIST	132 acres - Calhoun County, Illinois	17	13	1069608.000000	132.000000	39.11537762	-90.66844404	62	55359.378906	18	63883.109375	204136	1926.948230	16993125	4289.145726	17041966	34696.785600	16084420	329.066541	32790	23414.601686	60298	7297.826335
336	336_LIST	15 acres - Clark County, Illinois	17	23	56250.000000	15.000000	39.19914486	-88.00727963	26	108650.687500	21	39204.019531	4433264	158.892250	6244960	442.141689	10931825	10132.744381	4433264	158.892250	25650	35813.580490	80185	9766.712859
102	102_LIST	22.66 acres - Boone County, Illinois	17	7	349000.000000	22.660000	42.47402000	-88.84292000	30	25652.753906	198	33815.480469	17561957	124.242778	8356775	601.600885	14311389	10934.655354	916455	124.242778	15772	7503.194183	66357	7002.787182
209	209_LIST	67.79 acres - Calhoun County, Illinois	17	13	576215.000000	67.790000	39.33788624	-90.79065621	62	82154.359375	124	73751.789063	4647493	2986.448565	12008298	1079.561573	11307751	36972.777995	12175756	375.077654	32697	17617.049084	58662	6452.621959
337	337_LIST	63 acres - Clark County, Illinois	17	23	420000.000000	63.000000	39.35545496	-87.69793510	26	86316.593750	21	39305.515625	10157409	432.323554	2939752	635.802039	16814030	6329.438776	7857466	144.466350	13089	12241.208448	83829	4824.691941
103	103_LIST	126.11 acres - Boone County, Illinois	17	7	749000.000000	126.110000	42.25048560	-88.78606707	30	7225.476074	20	44319.312500	15194323	3136.444106	8356775	6095.977418	13972014	1853.998174	6427332	340.525518	14631	1990.185568	88667	424.415327
210	210_LIST	390 acres - Calhoun County, Illinois	17	13	1053000.000000	390.000000	39.18697762	-90.63204646	62	62224.511719	18	68191.562500	5506118	3268.408253	12008299	1778.774248	17041966	42769.363066	12141684	432.015846	32790	19653.576102	60298	12884.743532
338	338_LIST	10.2 acres - Clark County, Illinois	17	23	59670.000000	10.200000	39.30029918	-87.94804037	26	96400.382813	21	42841.609375	5842838	1057.506583	3638383	3588.345088	16814030	3339.088313	5144128	105.768072	13089	34595.017300	83829	1247.287827
104	104_LIST	60 acres - Boone County, Illinois	17	7	546000.000000	60.000000	42.38963233	-88.70883562	30	21070.339844	198	46151.042969	7315287	2339.513144	3941939	1217.732488	13972014	18444.041300	4565761	416.388933	15774	1875.730106	88419	2030.034838
211	211_LIST	310 acres - Calhoun County, Illinois	17	13	837000.000000	310.000000	39.18680508	-90.63513100	62	62264.714844	18	68328.984375	5506118	3504.719517	12008299	2042.125626	17041966	42735.977734	12141684	413.859868	32790	19907.006341	60298	12628.780503
339	339_LIST	46 acres - Clark County, Illinois	17	23	139000.000000	46.000000	39.42384537	-87.74789929	26	79227.109375	21	47581.945313	1198360	320.108338	2939752	4691.910667	5789877	2353.073642	15186278	209.194462	13090	15772.770598	83829	3586.834430
105	105_LIST	40 acres - Boone County, Illinois	17	7	200000.000000	40.000000	42.37333183	-88.72771293	30	18686.509766	198	47256.210938	15841858	649.940021	3941939	2849.847903	13972014	16238.675909	6400464	204.939929	15773	3536.475212	88419	4225.496368
212	212_LIST	40 acres - Calhoun County, Illinois	17	13	199900.000000	40.000000	39.19354491	-90.68318546	62	64037.734375	18	71391.757813	4424610	4772.043476	331783	5608.637797	17041966	43384.693912	5009557	168.386370	32790	23324.486906	60298	8888.461590
340	340_LIST	44.85 acres - Clark County, Illinois	17	23	161460.000000	44.850000	39.41904664	-87.58429527	26	79029.171875	21	46037.769531	1739154	1058.164203	794022	8909.712710	16814030	736.664757	7857287	81.994477	13090	1794.953227	83829	4523.830969
106	106_LIST	75 acres - Boone County, Illinois	17	7	701250.000000	75.000000	42.33334928	-88.70807323	30	16819.572266	198	51982.992188	7054394	1531.047063	3941939	7342.266609	13972014	12741.241620	4565761	275.728033	14629	3579.135145	88419	8272.479278
213	213_LIST	275 acres - Calhoun County, Illinois	17	13	2268750.000000	275.000000	39.36428094	-90.81807375	62	85714.953125	124	71862.500000	4992047	4335.301242	12008298	1667.007920	11307751	33958.235037	4399003	902.148194	32697	13856.631584	58662	6270.467005
341	341_LIST	17 acres - Clark County, Illinois	17	23	179500.000000	17.000000	39.45865333	-87.88439691	26	77972.664063	21	54965.105469	15526064	164.458367	3638383	8707.549504	5789877	9613.052067	15526064	164.458367	13090	27082.122502	83829	12662.286658
107	107_LIST	57.73 acres - Boone County, Illinois	17	7	399900.000000	57.730000	42.43324057	-88.70872021	30	24982.431641	198	41742.007813	15841860	409.426357	12408599	3145.630717	15444087	17246.420325	9267946	409.426357	15775	2001.969589	88419	2758.488289
214	214_LIST	240 acres - Calhoun County, Illinois	17	13	1999000.000000	240.000000	39.19897028	-90.67854524	62	64505.691406	18	71628.265625	4424610	4577.288995	331783	5481.374062	17041966	43984.067909	2422785	257.210341	32790	22729.656609	60298	9449.399053
342	342_LIST	454 acres - Clark County, Illinois	17	23	2162070.000000	454.000000	39.35083274	-87.74864495	26	87277.382813	21	39723.171875	15896584	614.600982	2939752	4863.070713	16814030	5724.114540	7254966	614.600982	13089	16572.216202	83829	3295.649778
